103.9494398801859 1.372357509605236 0
103.8397532407607 1.300395438640333 0
103.7450392698481 1.384959197053694 0
103.7643500648779 1.379936373667291 0
103.8937753488845 1.372572644918252 0
103.7643056145522 1.315062016476669 0
103.8455806748239 1.374790069120379 0
103.8358034580946 1.429715473565662 0
103.8488404454126 1.349850666773968 0
103.9309240239353 1.326812716040734 0
103.8557702501082 1.28941165551172 0
103.8542347985363 1.297420180620407 0
103.8156213067077 1.284063550566641 0
103.8509692943797 1.333624635565361 0
103.7392428706769 1.332894515208683 0
103.8542872717168 1.297202409149115 0
103.8055203971722 1.298712631705556 0
103.786927526354 1.435037001348562 0
103.9445558663036 1.35629183172715 0
103.8194985537378 1.448196648273304 0
103.8858372732175 1.317442979425366 0
103.7045123255329 1.340635992538448 0
103.8718130263263 1.350644894145962 0
103.749285191724 1.349497548002101 0
103.8946882390407 1.391328762369498 0
103.9095814469841 1.304669668723749 0
103.8449429126692 1.285260737004692 0
103.8931321586958 1.321244760949484 0
