103.775212595807 1.43089355383674 0
103.838333092549 1.42653783930948 0
103.931546376699 1.32597857491424 0
103.816992086611 1.28369297959086 0
103.887165721374 1.31949398898561 0
103.838314726086 1.27933181147448 0
103.907853035162 1.30236247895684 0
103.800957472969 1.29847581127783 0
103.959197676837 1.36858736639209 0
103.945849149518 1.35731028698537 0
103.893905781131 1.39278592462896 0
103.847181705113 1.37231892627306 0
103.778585107457 1.33863198069505 0
103.764422736987 1.31489653159905 0
103.953024178596 1.34270652881537 0
103.819291653011 1.26451816995793 0
103.87944993035 1.37566760690912 0
103.706460564258 1.33983049043501 0
103.744950057105 1.38506869181735 0
103.944257972045 1.35270013336519 0
103.843005330506 1.27623841678563 0
103.826934761736 1.28646378833044 0
103.847420624989 1.33267904288528 0
103.949596282368 1.37237287934525 0
103.746557743136 1.39730224192383 0
103.835217853511 1.4169835009063 0
103.78661928863 1.43507823363976 0
103.93196726517 1.32550117816726 0
103.929267336622 1.32477241506882 0
103.85532763195 1.29906832050538 0
103.763993628179 1.38054278655805 0
103.785624160615 1.43614826938552 0
103.764422736987 1.31489653159905 0
103.894979702823 1.39209448261065 0
103.831757588454 1.29380268611036 0
103.893661284097 1.37231220423245 0
103.795350116615 1.31025575324034 0
103.746876815817 1.33491791550897 0
103.83139481286 1.30403611991906 0
103.743284221184 1.33322926688484 0
103.706460564258 1.33983049043501 0
103.845702898735 1.27573601504818 0
103.833844256856 1.30455070598159 0
103.853348973971 1.28022801764498 0
103.857505722682 1.28334334578073 0
103.857007011272 1.29145560053916 0
103.871861295858 1.35067585119019 0
103.834675802225 1.30242451333319 0
103.835776166949 1.42969881121852 0
103.843850315364 1.31996782122256 0
103.949294057674 1.34068507849618 0
103.883348477178 1.38158988855886 0
103.837853339919 1.42387793347301 0
103.782651128021 1.29583443069712 0
103.833999070567 1.2785425977602 0
103.848477304423 1.35023975791721 0
103.84538868903 1.32171631367975 0
103.847181705113 1.37231892627306 0
103.74782194492 1.35201550000637 0
103.750776545349 1.38234172447199 0
103.765476440529 1.31248332120503 0
103.888996063454 1.37001837835345 0
103.730717541881 1.34972012788934 0
103.858956119873 1.33448061063789 0
103.74782194492 1.35201550000637 0
103.750776545349 1.38234172447199 0
103.765476440529 1.31248332120503 0
103.888996063454 1.37001837835345 0
103.730717541881 1.34972012788934 0
103.858956119873 1.33448061063789 0
103.775212595807 1.43089355383674 0
103.838333092549 1.42653783930948 0
103.847230399347 1.37040744905139 0
103.931818851851 1.32460738922308 0
103.763993628179 1.38054278655805 0
103.790389297009 1.43305839304234 0
103.764422736987 1.31489653159905 0
103.894979702823 1.39209448261065 0
103.84996140531 1.29142741434113 0
103.831757588454 1.29380268611036 0
103.885079596304 1.35949698791752 0
103.746876815817 1.33491791550897 0
103.705367386894 1.33939777185501 0
103.744950057105 1.38506869181735 0
103.835776166949 1.42969881121852 0
103.90511326612 1.30119164715155 0
103.844991260795 1.30011778934688 0
103.871861295858 1.35067585119019 0
103.838246270336 1.30100690712208 0
103.857413655342 1.29469095895413 0
103.944837974355 1.35364691195227 0
103.847965104468 1.33297594708938 0
103.749021661063 1.35018949225919 0
103.931546376699 1.32597857491424 0
103.784083689543 1.2927746521532 0
103.90511326612 1.30119164715155 0
103.852768001751 1.29376061751501 0
103.819812114853 1.25644560042472 0
103.986009098431 1.34858681354695 0
103.989706929027 1.36249133852758 0
103.985169321753 1.35437107041035 0
103.985169321753 1.35437107041035 0
103.985169321753 1.35437107041035 0
103.985169321753 1.35437107041035 0
103.944257972045 1.35270013336519 0
103.835239985778 1.30372355519846 0
103.826934761736 1.28646378833044 0
103.847965104468 1.33297594708938 0
103.843462852645 1.31733496953892 0
103.821808296959 1.26439502238105 0
103.749021661063 1.35018949225919 0
103.79944452365 1.28812254203599 0
103.849089404344 1.31955159844134 0
