103.83467613466 1.30242417909532 0
103.8508042425864 1.283177561340054 0
103.8438506343194 1.319967493315359 0
103.7866162993136 1.335835645162499 0
103.841932062573 1.310151393518207 0
103.8284687172652 1.307178060362917 0
103.8285090163013 1.306195799136297 0
103.866029977781 1.308518174399527 0
103.89176817408 1.333549435412881 0
103.829524333744 1.278156143956976 0
103.8250788782647 1.305272200416315 0
103.8478209017096 1.283057726422341 0
103.8491667844892 1.300013083010158 0
103.8491424523668 1.288481025556495 0
103.799073974087 1.274825813203062 0
103.8468655711725 1.283525080334593 0
103.831757911005 1.293802350968091 0
103.9396358041405 1.354295103518484 0
103.9051135904584 1.301191314722924 0
103.8574139787885 1.294690621098896 0
103.8218086293958 1.264394681812523 0
103.8518389457405 1.282980726237883 0
103.8321264081535 1.306537223809257 0
103.8996351725296 1.296939786323917 0
103.8563048996644 1.29695905772102 0
103.8507116227479 1.283942291107349 0
103.8423931713705 1.275596198194251 0
103.8465560060647 1.288862919301133 0
103.8417698647209 1.279179022965199 0
103.9140026411205 1.31923197325173 0
103.7962645123949 1.331021884573734 0
103.8259324985253 1.307785751965845 0
103.8145569165967 1.297924001819548 0
103.8145569165967 1.297924001819548 0
103.841150152248 1.301257296128256 0
103.8483992256871 1.369248917342139 0
103.8474926573038 1.277651382355565 0
103.7873521831152 1.29906468442754 0
103.8544055314176 1.279109771367409 0
103.8593439741878 1.292965047737304 0
103.8477719183377 1.285545617319702 0
103.8509823517813 1.284339948423704 0
103.8595710537404 1.360009663683913 0
103.8307278934895 1.305107096484812 0
103.9040541046236 1.334071888542224 0
103.8648843133735 1.363899825419363 0
103.7803065737287 1.434895377034352 0
103.8457678583716 1.382272431163427 0
103.8311773965102 1.412018365745054 0
103.8269408123012 1.293017861115588 0
103.8476381817054 1.280413695472872 0
103.8553279544974 1.299067990789437 0
103.856487111603 1.311393494390137 0
103.8850799188476 1.359496648253979 0
103.7064608868259 1.339830148058246 0
103.8445862988745 1.291514786134579 0
103.8449915896344 1.30011745872649 0
103.9450194579697 1.354315564383087 0
103.83083888347 1.354652788110453 0
103.7866196156803 1.435077893976053 0
103.8810246886129 1.332010256026788 0
103.9059960396967 1.301887338525604 0
103.860481773329 1.300977084083259 0
103.8142455452976 1.322573175939219 0
103.7959415175982 1.335897288969405 0
103.8527683305895 1.293760286894617 0
103.8200510153536 1.264012934551435 0
103.849038293209 1.301281486147523 0
103.9069337276411 1.307596485237071 0
103.8441607413215 1.320704910902918 0
103.8403867030187 1.278709486312355 0
103.7762801806239 1.340940724420644 0
103.8259324985253 1.307785751965845 0
103.8299848279867 1.305506116707395 0
103.8441337232573 1.277872964568791 0
103.8442020795922 1.278113883482084 0
103.795898242377 1.33421959837729 0
103.8620909637322 1.309921910794514 0
103.8419183779045 1.276525754072743 0
103.8591870861307 1.301478530915412 0
103.8477726773772 1.287902396685445 0
103.8320380669103 1.307634926326107 0
103.8519272749141 1.284237920280947 0
103.7479207124453 1.390666172043658 0
103.764861415667 1.311014984629702 0
103.819671346051 1.289340853897589 0
103.8880717332203 1.370573487857562 0
103.7288352490344 1.346215612271333 0
103.6937689021903 1.338418064928276 0
103.9518225004204 1.374448455862469 0
103.8857842537685 1.395501587895655 0
103.9396358041405 1.354295103518484 0
103.8499867882411 1.330600101090059 0
103.8559235659374 1.299816402487026 0
103.8516771058209 1.280894789002765 0
103.8352403119228 1.303723223673695 0
103.9435869367342 1.353084856922872 0
103.847789792828 1.299183747220413 0
103.8348269456986 1.303946380484622 0
103.8507116227479 1.283942291107349 0
103.8440509005344 1.277426610172507 0
103.8812708085366 1.307465187125844 0
103.8180782163864 1.28205540618001 0
103.7471559869242 1.330096670568287 0
103.8436823830637 1.278435462441877 0
103.8350935234721 1.353069494478183 0
103.8494319273631 1.286213257407488 0
103.8500715436072 1.278518937583962 0
103.8480961034389 1.278169864013051 0
103.8320380669103 1.307634926326107 0
103.8428893829666 1.31782868295363 0
103.8406485096065 1.278287548682028 0
103.8624342271559 1.310151798100108 0
103.8416686517407 1.280046254107887 0
103.9319883030141 1.310040987179101 0
103.8362020145788 1.303105267590637 0
103.8512078420033 1.278888529345178 0
103.8470248402597 1.287127895532215 0
103.8436730075708 1.278397165337695 0
103.8335538819097 1.35855999715029 0
103.850537243387 1.303708794898129 0
103.8593844973544 1.300504273056781 0
103.7975387958622 1.31099316329493 0
103.795898242377 1.33421959837729 0
103.7387082722295 1.333862463597308 0
103.8552478732816 1.300917993455684 0
103.8434631850781 1.317334642536017 0
103.8451537439641 1.287150620787085 0
103.7914600235893 1.304511278208553 0
103.8512865906963 1.282240869288034 0
103.7925474867801 1.309182111948196 0
103.8129302916799 1.270295991798643 0
103.7994699176519 1.329825448690264 0
103.8467335983326 1.280780368816401 0
103.9033386483842 1.304384670045328 0
103.9059960396967 1.301887338525604 0
103.8474932363703 1.362544347700794 0
103.8085658935462 1.304849784664393 0
103.8519272749141 1.284237920280947 0
103.83467613466 1.30242417909532 0
103.8397588984112 1.30197804716172 0
103.8581690316323 1.30681472605691 0
103.8569347454471 1.298001786247669 0
103.8877143017487 1.333788827266898 0
103.8405320342317 1.279015451559388 0
103.8186868706322 1.264486350504279 0
103.9383281732623 1.325857121406928 0
103.8509220711585 1.355282627602167 0
103.7530237503004 1.357907046660575 0
