103.745448039845 1.33360651849805 0
103.704452354649 1.34046990469285 0
103.842392847024 1.27559653152779 0
103.837853340818 1.42387794161228 0
103.846649751622 1.31044886405032 0
103.846649751622 1.31044886405032 0
103.860887546152 1.30829495124721 0
103.855290510872 1.31011250668797 0
103.837581060248 1.34180523924523 0
103.835439020381 1.30516555109938 0
103.84422593581 1.32214688889346 0
103.837581060248 1.34180523924523 0
103.856507783818 1.30906503880247 0
103.883348479874 1.38158988765444 0
103.836531239995 1.27929123728884 0
103.836531239995 1.27929123728884 0
103.847181706012 1.37231892627306 0
103.765476433341 1.31248332663102 0
103.84595374079 1.37193902687242 0
103.730717538287 1.34972012427173 0
103.858956120771 1.33448061696844 0
103.775212599402 1.43089355474119 0
103.835954103139 1.27863294436842 0
103.831757586657 1.29380268430163 0
103.795350116615 1.31025575504907 0
103.893661284995 1.37231219790189 0
103.746876808629 1.33491791912617 0
103.845702900532 1.27573601504817 0
103.743284229271 1.33322926507641 0
103.848477300829 1.35023976063032 0
103.706460562461 1.3398304813913 0
103.853348977565 1.28022801945368 0
103.857007011272 1.29145560053916 0
103.871861299452 1.35067584757268 0
103.834675809414 1.30242451242882 0
103.835776172341 1.42969881483597 0
103.843850309973 1.31996782664877 0
103.784083694934 1.29277466029259 0
103.835239986677 1.30372355700719 0
103.90511326612 1.30119164805591 0
103.852768006244 1.2937606193237 0
103.819812109462 1.25644559680723 0
103.944257975639 1.35270013788684 0
103.847965102671 1.33297594889812 0
103.843462860732 1.31733497586944 0
103.821808304148 1.2643950142418 0
103.749021657469 1.3501894913547 0
103.831394811962 1.3040361163016 0
103.722829101001 1.3310246987918 0
104.002906471979 1.37602367113475 0
103.85212785671 1.28385732280102 0
103.894979710012 1.39209448261046 0
103.988750653329 1.35519127651738 0
103.98970692723 1.36249134124078 0
103.98970692723 1.36249134124078 0
103.988750653329 1.35519127651738 0
103.988750653329 1.35519127651738 0
103.9530241759 1.34270652158061 0
103.849961398122 1.29142741705427 0
103.820073899059 1.3075793458709 0
103.831757586657 1.29380268430163 0
103.885079594507 1.35949698068264 0
103.820050690105 1.26401326698071 0
103.795350116615 1.31025575504907 0
103.85091414942 1.28136393781576 0
103.893661284995 1.37231219790189 0
103.746876808629 1.33491791912617 0
103.831394811962 1.3040361163016 0
103.78584029856 1.31756230169077 0
103.743284229271 1.33322926507641 0
103.705367385995 1.33939777004624 0
103.876152346055 1.30222211442982 0
103.905014610597 1.30523505267814 0
103.862767318222 1.30737784524972 0
103.744950063395 1.3850686963394 0
103.857505726276 1.2833433457807 0
103.835439020381 1.30516555109938 0
103.835776172341 1.42969881483597 0
103.84422593581 1.32214688889346 0
103.843850309973 1.31996782664877 0
103.829351877514 1.30756270506172 0
103.835239986677 1.30372355700719 0
103.90511326612 1.30119164805591 0
103.957951404596 1.36893322016878 0
103.844991265288 1.30011779205995 0
103.852768006244 1.2937606193237 0
103.851453076931 1.28422166556131 0
103.876067336941 1.39139338968013 0
103.865452328442 1.36414355176526 0
103.871861299452 1.35067584757268 0
103.788214213273 1.30684915910832 0
103.819461781077 1.44822686246165 0
103.857413653545 1.29469095352796 0
103.834675809414 1.30242451242882 0
103.944257975639 1.35270013788684 0
103.944837973457 1.35364691556976 0
103.82385247394 1.30484377820879 0
103.830838559122 1.35465312053947 0
103.826934757243 1.28646378923479 0
103.847965102671 1.33297594889812 0
103.843462860732 1.31733497586944 0
103.821808304148 1.2643950142418 0
103.749021657469 1.3501894913547 0
103.949596282368 1.3723728829627 0
103.932005964806 1.37210150752725 0
103.747329400229 1.39712918895532 0
103.846476140438 1.32708519248448 0
103.840171790623 1.38427949730029 0
103.845388685436 1.32171632001032 0
103.845388685436 1.32171632001032 0
103.849042775203 1.31945842114619 0
103.782651121732 1.29583443431445 0
103.782651121732 1.29583443431445 0
103.782651121732 1.29583443431445 0
103.784083694934 1.29277466029259 0
103.784083694934 1.29277466029259 0
103.745448039845 1.33360651849805 0
103.747821940427 1.35201550181494 0
103.750776554335 1.38234172175921 0
103.888996067947 1.3700183792577 0
103.838333084462 1.4265378393095 0
103.8315500557 1.30648414953721 0
103.834675809414 1.30242451242882 0
103.744950063395 1.3850686963394 0
103.82385247394 1.30484377820879 0
103.945019133637 1.35431589681104 0
103.830838559122 1.35465312053947 0
103.801126620302 1.27367691268976 0
103.763993627281 1.38054278294057 0
103.77858510566 1.33863197617319 0
103.764422730697 1.31489653340761 0
103.820050690105 1.26401326698071 0
103.893661284995 1.37231219790189 0
103.879449934843 1.37566761414395 0
103.706460562461 1.3398304813913 0
103.907176895097 1.30133780117445 0
103.871861299452 1.35067584757268 0
103.844991265288 1.30011779205995 0
103.826934757243 1.28646378923479 0
103.944257975639 1.35270013788684 0
103.786619290428 1.43507822640489 0
103.835217852613 1.41698349909758 0
103.848398901342 1.36924925067539 0
103.831757586657 1.29380268430163 0
103.872750382497 1.30384361092921 0
103.82907328572 1.30689746745833 0
103.827036191889 1.30637308352904 0
103.729608952373 1.34902214750218 0
103.841149827003 1.30125762855738 0
103.964635286942 1.36706667336694 0
104.002906471979 1.37602367113475 0
103.845873003098 1.28289707597269 0
103.949294059471 1.34068507397428 0
103.838314726985 1.27933180152647 0
103.883348479874 1.38158988765444 0
103.77858510566 1.33863197617319 0
103.84852639057 1.34870169782482 0
103.843851678382 1.28549560494578 0
103.853919068251 1.31268300764837 0
103.819596821351 1.30743410141082 0
103.751530955816 1.34973995249983 0
103.943709404271 1.35240268469447 0
103.83824627393 1.30100690983516 0
103.801537039659 1.44036400825182 0
103.843470416519 1.27458855756224 0
103.847230395752 1.37040745176451 0
103.850553148346 1.32440589229241 0
103.931818849155 1.32460738560574 0
103.92926733213 1.32477241235591 0
103.848477300829 1.35023976063032 0
103.855327629254 1.29906832321849 0
103.855614435415 1.30026502404042 0
103.763993627281 1.38054278294057 0
103.78562416421 1.43614826757687 0
103.96238898156 1.33432548753363 0
103.84469676644 1.28499917190011 0
103.85417317893 1.29277806730408 0
103.85648678636 1.31139382772351 0
103.764422730697 1.31489653340761 0
103.908756535788 1.31508857010071 0
103.949294059471 1.34068507397428 0
103.883348479874 1.38158988765444 0
103.949294059471 1.34068507397428 0
103.82393672436 1.3031516767874 0
103.854494863584 1.30145333010784 0
103.763539224436 1.32518173990054 0
103.857243398006 1.30114363644659 0
103.833999075958 1.27854259052528 0
103.833999075958 1.27854259052528 0
103.835809053645 1.28104819489497 0
103.816992082118 1.28369297416465 0
103.887165721374 1.31949398988998 0
103.959197679532 1.36858736096578 0
103.893905782928 1.39278592553328 0
103.945849141431 1.35731028879448 0
103.931546373105 1.32597857853183 0
103.838314726985 1.27933180152647 0
103.800957472969 1.29847581399093 0
103.858181592709 1.33093967266564 0
103.791792331833 1.30381648723933 0
103.948759109312 1.34177666604133 0
103.741877298694 1.34953640327505 0
103.847454235881 1.31958617042601 0
103.845388685436 1.32171632001032 0
103.845388685436 1.32171632001032 0
103.845388685436 1.32171632001032 0
103.845388685436 1.32171632001032 0
103.838232154871 1.27975936282351 0
103.81592933403 1.33066234200872 0
103.841448134686 1.32536440372975 0
103.871861299452 1.35067584757268 0
103.90511326612 1.30119164805591 0
103.985169322651 1.35437107131465 0
103.931546373105 1.32597857853183 0
103.817611319653 1.28306745872288 0
103.849691661171 1.3488887715675 0
103.9530241759 1.34270652158061 0
103.743284229271 1.33322926507641 0
103.894480202638 1.31469247358936 0
103.91289012849 1.39425663179497 0
103.901557702327 1.38493234914015 0
103.876067336941 1.39139338968013 0
103.720267696275 1.33504236197649 0
103.847420624091 1.33267904288528 0
103.843005330506 1.27623842130745 0
103.742762944892 1.33415832822196 0
103.749021657469 1.3501894913547 0
103.949596282368 1.3723728829627 0
103.746557744034 1.39730223288023 0
103.865498996032 1.32428135435113 0
103.833844256856 1.30455070869468 0
103.931967259779 1.32550118811547 0
103.92926733213 1.32477241235591 0
103.855327629254 1.29906832321849 0
103.763993627281 1.38054278294057 0
103.78562416421 1.43614826757687 0
103.985169322651 1.35437107131465 0
103.985169322651 1.35437107131465 0
103.985169322651 1.35437107131465 0
103.985169322651 1.35437107131465 0
103.764422730697 1.31489653340761 0
103.894979710012 1.39209448261046 0
