103.940883885586 1.3563890292309 0
103.767936040446 1.36190393900946 0
103.771128758892 1.29153748413378 0
103.788437514445 1.30525004777397 0
103.863546437509 1.32399476697264 0
103.933043457508 1.36001211049765 0
103.906392676858 1.39948104143672 0
103.947573378769 1.33181530226919 0
103.744054026934 1.39447178168063 0
103.748173814057 1.38147823282722 0
103.741259842447 1.38106013050856 0
103.835766249132 1.37127897358748 0
103.836490913778 1.36682393948449 0
103.911862695388 1.32278567146318 0
103.920246405305 1.32488949972995 0
103.868340475665 1.32036918412488 0
103.828689854083 1.29107495966358 0
103.885168468494 1.31901309435769 0
103.885407674406 1.32968266300007 0
103.88758503168 1.32385678845367 0
103.912659287436 1.30510508167338 0
103.774859071583 1.42729335748203 0
103.740253046108 1.37776805050847 0
103.814545640054 1.45475541409568 0
103.95215319128 1.36140426644504 0
103.745756535144 1.37729333777111 0
103.758002661272 1.34737747302806 0
103.741798464824 1.39262725984929 0
103.945169178355 1.34467582652327 0
103.907363206564 1.33219276188262 0
103.836538798404 1.42576369893361 0
103.88082840374 1.30800978176138 0
103.900951752876 1.30381356698221 0
103.883565877544 1.37757062685965 0
103.848428326179 1.33628569413263 0
103.827075616937 1.2930725923335 0
103.959906124545 1.35437014934788 0
103.720821507384 1.34096565350123 0
103.720821507384 1.34096565350123 0
103.913233186846 1.31262586896509 0
103.828762660858 1.43061862734419 0
103.865899162356 1.32441911545599 0
103.738931468796 1.3780564809352 0
103.873967963105 1.35092387743386 0
103.786619290428 1.43507822640489 0
103.854010403501 1.39049706796975 0
103.793255798525 1.33879706753836 0
103.845962584356 1.35760878841127 0
103.828762660858 1.43061862734419 0
103.794468660387 1.44453487767969 0
103.919245412268 1.3156565880885 0
103.891406711874 1.35598532919107 0
103.847991637526 1.33578823752959 0
103.881001773613 1.3268538522563 0
103.953359048376 1.36092316877176 0
103.901120781581 1.39171028319451 0
103.856982935357 1.34063880801128 0
103.745553520912 1.38510113037717 0
103.753611883543 1.37959618214858 0
103.890671930295 1.29979244559736 0
103.841293034376 1.31802841173347 0
103.887831702554 1.37924562140246 0
103.941977852425 1.37860272275094 0
103.871416658996 1.3736842612213 0
103.835249858814 1.41623767466297 0
103.806786954988 1.3181104201748 0
103.836622741847 1.39159898248658 0
103.925259676453 1.30738655286155 0
103.913934977592 1.30976087235836 0
103.808319960298 1.27365425731438 0
103.805566933985 1.31805780984845 0
103.897684561827 1.37415893869457 0
103.777376457467 1.44503122681263 0
103.840838431991 1.31410048785335 0
103.925744596311 1.33663396758088 0
103.785736079967 1.28035281123781 0
103.792006674625 1.43292556835469 0
103.796707193901 1.43258742135912 0
103.870855496604 1.35682238563687 0
103.946110744868 1.32072044493438 0
103.720184057501 1.33936612187705 0
103.935334177009 1.35698483923095 0
103.936557308059 1.35344358126826 0
103.933979301711 1.35477648623257 0
103.950965152278 1.35430382629989 0
103.950965152278 1.35430382629989 0
103.950970076997 1.35375697162748 0
103.950970076997 1.35375697162748 0
103.961003829139 1.35447480479107 0
103.961003829139 1.35447480479107 0
103.951898558148 1.3588554023283 0
103.952685593557 1.3614337303374 0
103.952685593557 1.3614337303374 0
103.943814471035 1.34755813074423 0
103.931896071723 1.35046444538904 0
103.931896071723 1.35046444538904 0
103.947675106147 1.34753951874611 0
103.96142671795 1.34361914260084 0
103.875635319342 1.35266398112694 0
103.84766590537 1.312239808886 0
103.94933493266 1.34884178430091 0
103.76580988016 1.30287211834867 0
103.798920974405 1.29548038013562 0
103.939901388079 1.35536712670367 0
103.834340012445 1.43686648321808 0
103.771072903822 1.31248537410179 0
103.898939087404 1.41490220383167 0
103.875389514075 1.37792378477449 0
103.808980228467 1.27338104147336 0
103.847727295913 1.34220981571851 0
103.837224119075 1.35151144896819 0
103.845452540026 1.33220659077313 0
103.847768964522 1.33862586426014 0
103.855266683508 1.33106309830949 0
103.853750828448 1.33586570020422 0
103.857192052507 1.33858312953887 0
103.785517244998 1.3089691597874 0
103.761108343659 1.3072628726232 0
103.763602336601 1.30561305428902 0
103.860997513022 1.32102034557864 0
103.856731880701 1.32600187383861 0
103.85644414826 1.32278953659187 0
103.786743123541 1.43407915780459 0
103.795263960847 1.43613367952327 0
103.799778259533 1.43789914080933 0
103.789611345734 1.44253294329113 0
103.74412076135 1.39402660249705 0
103.744645436561 1.39846792831252 0
103.745290838195 1.40251087128342 0
103.751986906401 1.40196236926947 0
103.843514540265 1.36970857965855 0
103.837251575802 1.37829238417101 0
103.84093788114 1.37915018906954 0
103.736753880186 1.34137248231567 0
103.739676169904 1.34316618684552 0
103.730964779588 1.34655003044086 0
103.771211866428 1.38756768893371 0
103.765543120366 1.38504941346695 0
103.761737141432 1.38585590894442 0
103.779791350804 1.28750779742591 0
103.931220562303 1.34663432502521 0
103.958367042281 1.35825258170184 0
103.772368865679 1.42885285882567 0
103.807317038839 1.29508534222286 0
103.881446736888 1.31522687635025 0
103.907760638727 1.30984749459285 0
103.807350663934 1.29130413201971 0
103.879498447575 1.34372440535018 0
103.957785070928 1.3783685916228 0
103.77815676967 1.44191525777214 0
103.774428107327 1.43151147883633 0
103.772917804583 1.44337643110017 0
103.852209449673 1.31391692822227 0
103.884228132536 1.30016492586293 0
103.885731357267 1.30811015482815 0
103.695777854992 1.34600035415483 0
103.693228203004 1.3461904216002 0
103.688737353017 1.34223827943962 0
103.84512112984 1.42959228057693 0
103.836081885868 1.42098976341355 0
103.837491068941 1.42211236084599 0
103.832444234141 1.42897542710279 0
103.83247108934 1.42936962483582 0
103.836644429508 1.43507004921119 0
103.841280294591 1.43158268707313 0
103.848427183889 1.42625393595833 0
103.832204071609 1.41996584578711 0
103.836286706125 1.41476353684046 0
103.960912881379 1.36902309631304 0
103.95578752356 1.36995873078332 0
103.943850019132 1.37468133724374 0
103.936518862028 1.37915522525463 0
103.886491249077 1.3524101681221 0
103.89072764452 1.36486698670595 0
103.695839507094 1.34037022299706 0
103.697939582793 1.33616148166286 0
103.703387922976 1.33701982845473 0
103.703123990645 1.34009351984016 0
103.866168524218 1.33290794321297 0
103.896739574002 1.38648101110725 0
103.901353165752 1.38914413330516 0
103.898744713415 1.39539891124516 0
103.901208259009 1.38291179946235 0
103.902175821461 1.38813339993368 0
103.905723102828 1.39006626161423 0
103.905847251059 1.39429823982182 0
103.905229269858 1.39717563928122 0
103.913160617687 1.3948150849548 0
103.909987050446 1.39749433114242 0
103.894510487842 1.38233698916054 0
103.896307668694 1.3784917802436 0
103.890133451569 1.37644207570251 0
103.900318543334 1.40374572972618 0
103.905761882055 1.40377821938937 0
103.807000199977 1.28713389255944 0
103.807613625133 1.29333594390002 0
103.796796105993 1.30165032180406 0
103.816912152956 1.28700692647087 0
103.819023359058 1.28603123357618 0
103.822961397048 1.4512531271467 0
103.797703525234 1.4425097789096 0
103.793269422938 1.44529998440218 0
103.800693628522 1.44568831649436 0
103.8023780766 1.44333516631647 0
103.890776159381 1.38707918470549 0
103.876506684164 1.39272667984233 0
103.874073571062 1.3917292019211 0
103.87949359056 1.3964771877833 0
103.813609691648 1.45666719807272 0
103.801831644408 1.44704766705603 0
103.889896184247 1.39495851259993 0
103.70052639582 1.34715495846177 0
103.843573324924 1.43407482777696 0
103.95653013098 1.36178912465319 0
103.875343624553 1.35086745321955 0
103.74266653289 1.33843672952394 0
103.772685484938 1.33840307580051 0
103.817831966711 1.45172110670343 0
103.955069473841 1.34585168575771 0
103.956338002667 1.3441668497689 0
103.899024408786 1.31831597521351 0
103.734572928641 1.3472953736158 0
103.836994285027 1.4379187692218 0
103.705524963487 1.33584972097482 0
103.894940236097 1.39554172588364 0
103.798135331365 1.3001566299564 0
103.825327795439 1.27337446960547 0
103.820896786766 1.27663185603785 0
103.874522924084 1.36859454169326 0
103.935334177009 1.35698483923095 0
103.947675106147 1.34753951874611 0
103.952627858601 1.34910417862255 0
103.956074594131 1.35146126817169 0
103.958520629938 1.35496037509002 0
103.951898558148 1.3588554023283 0
103.943814471035 1.34755813074423 0
103.841155817009 1.27662201765364 0
103.853872198315 1.32857943238688 0
103.781929522248 1.43598192970827 0
103.796516912171 1.4386506489118 0
103.74603372687 1.3986309749323 0
103.841920772514 1.2477589510765 0
103.857007011272 1.29145560053916 0
103.814633745605 1.26937012548699 0
103.954281558553 1.3775997235474 0
103.960041863827 1.35436526860292 0
103.946510129019 1.37276938052948 0
103.926353568677 1.32698996085087 0
103.964110067419 1.37099813713245 0
103.699193336526 1.34729370182981 0
103.890373300757 1.37880366943957 0
103.77187721648 1.44072796274496 0
103.831882381241 1.28345285771859 0
103.953950319634 1.32375528461429 0
103.886672462322 1.32176676925385 0
103.837313654099 1.37470739290155 0
103.934743463765 1.3312194992718 0
103.867458362397 1.34949064041543 0
103.814160686987 1.28188746406458 0
103.918409091012 1.3168016507772 0
103.964443913904 1.36794730993048 0
103.879053874165 1.35542539095037 0
103.891523973344 1.35916608185041 0
103.952627858601 1.34910417862255 0
103.956074594131 1.35146126817169 0
103.822781503147 1.2848873868617 0
103.829270917526 1.28041288553344 0
103.827421104983 1.28401002414975 0
103.845903266975 1.36742144998894 0
103.847378713563 1.36511056581845 0
103.857061281052 1.36581993771512 0
103.782900478662 1.30310778501953 0
103.91499252554 1.33182927534613 0
103.907573595486 1.33186830776239 0
103.937542195629 1.33348292029661 0
103.938917570035 1.32816864235302 0
103.904424026745 1.32180062607511 0
103.879853499704 1.33607397926328 0
103.903301125375 1.32994144026815 0
103.903801198083 1.32717777214826 0
103.896060826897 1.3144341522522 0
103.704410827787 1.35344799774569 0
103.746516340347 1.36139541319836 0
103.750672351064 1.36353450169706 0
103.699191571581 1.3479374419505 0
103.896534190081 1.36874857926974 0
103.870060826412 1.31423100040652 0
103.861142429035 1.30853084560184 0
103.87211050954 1.36645096613511 0
103.805684553336 1.29372771961953 0
103.910556918572 1.3118208472371 0
103.88240908932 1.31001239920618 0
103.975187190975 1.36613851914875 0
103.912912359551 1.3196401674657 0
103.871414305377 1.40253873365427 0
103.880407521798 1.30967100772312 0
103.79835879177 1.33167674806636 0
103.904763321296 1.31231453818375 0
103.835937923181 1.28575174516872 0
103.829089739927 1.30152909942831 0
103.811846171686 1.31973728372762 0
103.779997213349 1.31396657316195 0
103.829089739927 1.30152909942831 0
103.838418308618 1.31888045834027 0
103.913194314259 1.32521121456003 0
103.869823519769 1.34715369153004 0
103.808308221691 1.30885996617358 0
103.929289819352 1.31141638215897 0
103.6996824929 1.3366434444166 0
103.898772542844 1.40180520065025 0
103.875158502681 1.39283958338542 0
103.918176238007 1.32223665739001 0
103.736662291796 1.38170916272201 0
103.940918436466 1.37979370638533 0
103.819543023659 1.45384552134041 0
103.905156054599 1.40514615913938 0
103.790714473274 1.33217053381068 0
103.915442115218 1.32303463111275 0
103.800951701514 1.29813091274499 0
103.845605575439 1.315302364994 0
103.77858510566 1.33863197617319 0
103.863907231484 1.38910809460086 0
103.76606560367 1.38895215138015 0
103.808628056365 1.27612067680926 0
103.850765848424 1.3123688997972 0
103.844294696282 1.31486762585134 0
103.846449540716 1.33409654473325 0
103.880450901617 1.3505876925 0
103.869291478229 1.36393872375076 0
103.906369704496 1.3045202023063 0
103.793207007872 1.32840986084168 0
103.916208153206 1.30220022497528 0
103.822962623807 1.3056120035914 0
103.801672041502 1.33239025527454 0
103.786259241487 1.28013063484536 0
103.862158789984 1.36734029148445 0
103.874101903158 1.37164206226261 0
103.857625057113 1.37203269171258 0
103.814704245543 1.29853606576352 0
103.971656962919 1.36495734956986 0
103.768482543922 1.35993326019896 0
103.876359282535 1.36799851978219 0
103.835392940308 1.28526507345245 0
103.854878030821 1.34709099741116 0
103.69750056095 1.34303529456716 0
103.772116082328 1.34117873372445 0
103.962434144607 1.3550181190278 0
103.832759526144 1.28381079032887 0
103.871861299452 1.35067584757268 0
103.903338324046 1.30438500337832 0
103.90932750428 1.30816236403388 0
103.842448542568 1.3302778871983 0
103.769654807971 1.44142214838506 0
103.722395621819 1.35431468068013 0
103.792357610058 1.44012424243499 0
103.697496987453 1.34435170619801 0
103.888926119237 1.30277969533527 0
103.802016463864 1.32809197646488 0
103.791761048274 1.43949692072502 0
103.836723557229 1.43576113404883 0
103.85169869743 1.30894491414248 0
103.746228006243 1.32177019193448 0
103.932553424136 1.31121764326145 0
103.74742701156 1.36467983222487 0
103.843462860732 1.31733497586944 0
103.88082840374 1.30800978176138 0
103.747115651571 1.39038184483403 0
103.902616037543 1.33274881239084 0
103.878547624363 1.35497718499851 0
103.937049267904 1.37406420050241 0
103.958609018646 1.35642483769635 0
103.881861317943 1.34425591286345 0
103.910031696522 1.32064906915758 0
103.810675844303 1.32313919618102 0
103.796821215472 1.33620304941096 0
103.863907231484 1.38910809460086 0
103.796775328333 1.3240854448283 0
103.874151002655 1.33235388456401 0
103.745983394103 1.32121297141944 0
103.76430188981 1.34556099381848 0
103.881885098659 1.36019047580789 0
103.698883432769 1.34938195856402 0
103.746704902758 1.37731169414173 0
103.858328953104 1.33173348975782 0
103.886426175934 1.39222056045984 0
103.936732258434 1.3831019045874 0
103.710984165247 1.34790229301704 0
103.716391469705 1.35135401116241 0
103.81225237192 1.30439552133691 0
103.923851643063 1.32470144761234 0
103.921774413505 1.3374050456403 0
103.796786305035 1.32402587360092 0
103.866401497528 1.33028096310522 0
103.76747708669 1.33079329226432 0
103.894099756422 1.37107872952073 0
103.697658329021 1.34578322790442 0
103.75878377064 1.34504292664195 0
103.750399224524 1.35497108863961 0
103.768365333847 1.37816779959069 0
103.772368114898 1.37523688586418 0
103.773854385835 1.37959400520601 0
103.769676359099 1.3850140153513 0
103.764786705779 1.31738058008259 0
103.795646145205 1.30796860082515 0
103.817811308074 1.44680540275452 0
103.81613593202 1.45330346659158 0
103.814273147341 1.45083092419135 0
103.816117938295 1.45545274710792 0
103.763496021213 1.38159674880959 0
103.951897508017 1.34375794440149 0
103.953953994073 1.34550549822269 0
103.854213996969 1.36770400916474 0
103.853001600001 1.37416956620867 0
103.827519877748 1.43221840881632 0
103.831124480303 1.43499791939947 0
103.821562083728 1.44675767324439 0
103.82042884435 1.44594262375761 0
103.755210752715 1.3804708796899 0
103.749457361911 1.3791966878993 0
103.737134930497 1.37647688988258 0
103.7483487622 1.39508373152194 0
103.767781503511 1.31374504516552 0
103.765901102945 1.31110125643337 0
103.91062335245 1.33197919241562 0
103.878283598553 1.37939257508653 0
103.907471098166 1.31254472985398 0
103.727240041247 1.34958693148797 0
103.723209255336 1.35012628950222 0
103.720626045611 1.34630407862228 0
103.716417068275 1.34788449784453 0
103.928058767664 1.33087498370761 0
103.929129492436 1.33421584821104 0
103.936506410249 1.32873234934903 0
103.932937784661 1.32810325527114 0
103.935821648104 1.33655034660988 0
103.85525127991 1.3024000189291 0
103.860840426405 1.30458652221671 0
103.740967641814 1.37816676875003 0
103.796403581428 1.42989063307228 0
103.799944505657 1.4347734980083 0
103.807161626111 1.44188571907858 0
103.880591614493 1.37056775581967 0
103.881497572626 1.37603236942477 0
103.879877491108 1.37457049385084 0
103.880363474906 1.37880012834599 0
103.739967878629 1.32049488655548 0
103.936423580055 1.32352711894255 0
103.895995663261 1.37490465798022 0
103.887728244134 1.37169394520471 0
103.922391851051 1.33631213523223 0
103.853311348189 1.34593596747512 0
103.850672175932 1.34909705161464 0
103.845845367511 1.3572915560947 0
103.831750704585 1.35908464878136 0
103.713568038581 1.34658642927051 0
103.707298781228 1.34480173029578 0
103.700135040078 1.343058205976 0
103.867068413984 1.35462850838518 0
103.875055415234 1.34993672457304 0
103.743590616701 1.34927196202068 0
103.742841453028 1.34555932641466 0
103.754544144893 1.350895564279 0
103.758149094735 1.34979753756166 0
103.746603736438 1.33788873629707 0
103.898939087404 1.41490220383167 0
103.890185751412 1.33249666587802 0
103.766714700467 1.32578201810263 0
103.825619625521 1.44124467608302 0
103.864248889408 1.32389445790499 0
103.892550748313 1.36092964587677 0
103.797297311817 1.302607421743 0
103.83794991066 1.31594524332573 0
103.775478766631 1.33828897407467 0
103.83832340013 1.31669326976075 0
103.899129537635 1.31431211657672 0
103.738221008307 1.32169571412081 0
103.906924372405 1.30680801356345 0
103.939491067395 1.31411302098122 0
103.878781985482 1.31037952606499 0
103.882722518772 1.36505366799941 0
103.853939504801 1.30717600180071 0
103.927554743353 1.30985566088829 0
103.829094520297 1.29661137795058 0
103.85831667687 1.31429124866816 0
103.922879204375 1.31271396154387 0
103.95738509509 1.37103618293114 0
103.814595933287 1.32366332826363 0
103.905317935499 1.30646620989729 0
103.900451999074 1.31591387814381 0
103.799199898856 1.30627932335929 0
103.748161154254 1.35905932171498 0
103.948154186531 1.33354315869791 0
103.833560651882 1.41642397622741 0
103.905317935499 1.30646620989729 0
103.738394998271 1.33568122155227 0
103.958174200931 1.37843870078855 0
103.938413502809 1.31563703633236 0
103.826248964847 1.35731839534213 0
103.721288177942 1.32676159889382 0
103.943349095892 1.34463324010267 0
103.90167515003 1.39188972355787 0
103.863529640623 1.35864983274902 0
103.900785270801 1.30780921137344 0
103.796122943024 1.31286130965539 0
103.768095356456 1.36780206888573 0
103.881853956312 1.35857841226674 0
103.87509034326 1.37353795747187 0
103.724646307399 1.32696587249979 0
103.793255798525 1.33879706753836 0
103.920640920118 1.3110791624123 0
103.943440515952 1.38368732218399 0
103.851130744011 1.35355588483387 0
103.832183120579 1.37837996847999 0
103.772732539161 1.37814121590057 0
103.875626321664 1.36920202982258 0
103.750000048446 1.38263632244081 0
103.741456804655 1.33921084728337 0
103.845907022032 1.37051398509353 0
103.835334255019 1.36711096426139 0
103.756001600786 1.35166062793578 0
103.775706726485 1.34462176153368 0
103.719565897428 1.33544873464765 0
103.834489164862 1.31918255546182 0
103.938105926718 1.32113845045646 0
