103.813695978485	1.3225909393014 0
103.857007011272	1.29145560053916 0
103.833844256856	1.30455070598159 0
103.861403474974	1.31817676110283 0
103.88615898442	1.32052629458726 0
103.944257972045	1.35270013336519 0
103.923167765754	1.3126059945333 0
103.848412470994	1.29678084594307 0
103.848704279052	1.29284487489756 0
103.847256942157	1.32820036828228 0
103.849025838798	1.29433244360998 0
103.85123895893	1.28762459760583 0
103.871861295858	1.35067585119019 0
103.864656274814	1.28458892891637 0
103.848398900443	1.36924925338849 0
103.929267336622	1.32477241506882 0
103.85532763195	1.29906832050538 0
103.785624160615	1.43614826938552 0
103.83840607617	1.29897583911938 0
103.894979702823	1.39209448261065 0
103.705367386894	1.33939777185501 0
103.90511326612	1.30119164715155 0
103.943709412358	1.35240268198101 0
103.749021661063	1.35018949225919 0
103.851453080525	1.28422167460493 0
103.832171061086	1.30350218524538 0
103.852542308974	1.29299024332537 0
103.846347269084	1.29881074676362 0
103.846114829432	1.29870164900664 0
103.848078607603	1.35070600364267 0
103.839077891279	1.28145447918128 0
103.821556482335	1.26518586495196 0
103.892260435905	1.31724772335577 0
103.849154100068	1.35130901164044 0
103.873536567118	1.34959204466501 0
103.789887985648	1.30726526519957 0
103.790317151517	1.30721857758293 0
103.818260988294	1.26486215565638 0
103.883679928042	1.33482703292901 0
103.86892324408	1.32628604718821 0
103.855080907436	1.29365806626825 0
103.989706929027	1.36249133852758 0
103.989706929027	1.36249133852758 0
103.989706929027	1.36249133852758 0
103.989706929027	1.36249133852758 0
103.789210858951	1.31200974915855 0
103.789210858951	1.31200974915855 0
103.785162131434	1.43181682075019 0
103.785162131434	1.43181682075019 0
103.785162131434	1.43181682075019 0
103.785162131434	1.43181682075019 0
103.785162131434	1.43181682075019 0
103.785162131434	1.43181682075019 0
103.785162131434	1.43181682075019 0
103.925306971365	1.33131420578117 0
103.929267336622	1.32477241506882 0
103.954623588207	1.35322112309613 0
103.959906121849	1.3543701547742 0
103.740186751286	1.33332344798754 0
103.725341232414	1.35055636232402 0
103.697019759656	1.3415914176516 0
103.708655268363	1.33917516628848 0
103.803390816929	1.28761826642992 0
103.764422736987	1.31489653159905 0
103.769097758949	1.44108904212565 0
103.78661928863	1.43507823363976 0
103.964635292333	1.367066674271 0
103.944039954252	1.3535609131031 0
103.954281554959	1.3775997280694 0
103.856486789055	1.31139382410603 0
103.82850869375	1.3061961406091 0
103.844585975427	1.2915151158506 0
103.856396287327	1.36744222897347 0
103.949596282368	1.37237287934525 0
103.697731773482	1.34874390399924 0
103.746876815817	1.33491791550897 0
103.738257234205	1.34423630903658 0
103.770754367573	1.38374500049241 0
103.735659694008	1.33322765582923 0
103.747005825107	1.39777454856948 0
103.744256946216	1.34830222608994 0
103.751903561224	1.38115561522452 0
103.798140676718	1.44562323901148 0
103.801537039659	1.44036400373 0
103.819461786469	1.44822686155732 0
103.85095513702	1.33404204201593 0
103.894979702823	1.39209448261065 0
103.893661284097	1.37231220423245 0
103.886634854793	1.35869692817875 0
103.886898138354	1.37395873173077 0
103.847155510614	1.36929828199203 0
103.838168635117	1.37355211753092 0
103.837604917437	1.43611458686434 0
103.848052281847	1.33257208630529 0
103.871861295858	1.35067585119019 0
103.870954075782	1.35317040046798 0
103.904336044224	1.39221765706686 0
103.885788934406	1.3954969136544 0
103.856486789055	1.31139382410603 0
103.856486789055	1.31139382410603 0
103.856486789055	1.31139382410603 0
103.856486789055	1.31139382410603 0
103.856486789055	1.31139382410603 0
103.856486789055	1.31139382410603 0
103.856486789055	1.31139382410603 0
103.856486789055	1.31139382410603 0
103.856486789055	1.31139382410603 0
103.856486789055	1.31139382410603 0
103.856486789055	1.31139382410603 0
103.856486789055	1.31139382410603 0
103.856486789055	1.31139382410603 0
103.856486789055	1.31139382410603 0
103.856486789055	1.31139382410603 0
103.856486789055	1.31139382410603 0
103.930543973157	1.32481850199752 0
103.930543973157	1.32481850199752 0
103.930543973157	1.32481850199752 0
103.930543973157	1.32481850199752 0
103.930543973157	1.32481850199752 0
103.817206784634	1.27748563187413 0
103.866873252629	1.36573466334056 0
103.745882557265	1.32863267942631 0
103.745882557265	1.32863267942631 0
103.745882557265	1.32863267942631 0
103.745882557265	1.32863267942631 0
103.83139481286	1.30403611991906 0
103.833997734905	1.28730235510074 0
103.840803531851	1.28705306865571 0
103.840803531851	1.28705306865571 0
103.828161965993	1.29735268495452 0
103.801126624795	1.27367691268982 0
103.801126624795	1.27367691268982 0
103.841888378856	1.27364541557543 0
103.841888378856	1.27364541557543 0
103.771609292994	1.34050119584256 0
103.771609292994	1.34050119584256 0
103.771609292994	1.34050119584256 0
103.771609292994	1.34050119584256 0
103.771609292994	1.34050119584256 0
103.771609292994	1.34050119584256 0
103.771609292994	1.34050119584256 0
103.771609292994	1.34050119584256 0
103.930543973157	1.32481850199752 0
103.930543973157	1.32481850199752 0
103.818526261287	1.28263854926887 0
103.818526261287	1.28263854926887 0
103.818526261287	1.28263854926887 0
103.817509430232	1.25206116666493 0
103.821808296959	1.26439502238105 0
103.842519243975	1.2841342488355 0
103.848477304423	1.35023975791721 0
103.758195501566	1.34898772747096 0
103.791237141792	1.30624590854689 0
103.744950057105	1.38506869181735 0
103.743099257175	1.3920742145769 0
103.829234548771	1.43083270652996 0
103.851055311091	1.32512686445166 0
103.846202136831	1.34123760080965 0
103.865743614834	1.36329005413267 0
103.846613091379	1.36109785780514 0
103.834594642915	1.41676048428404 0
103.935526098776	1.34891381483466 0
103.71815012502	1.34833049502145 0
103.989706929027	1.36249133852758 0
103.989706929027	1.36249133852758 0
103.989706929027	1.36249133852758 0
103.989706929027	1.36249133852758 0
103.989706929027	1.36249133852758 0
103.989706929027	1.36249133852758 0
103.989706929027	1.36249133852758 0
103.988750656923	1.3551912728997 0
103.988750656923	1.3551912728997 0
103.988750656923	1.3551912728997 0
103.988750656923	1.3551912728997 0
103.988750656923	1.3551912728997 0
103.988750656923	1.3551912728997 0
103.988750656923	1.3551912728997 0
103.988750656923	1.3551912728997 0
103.988750656923	1.3551912728997 0
103.988750656923	1.3551912728997 0
103.988750656923	1.3551912728997 0
103.988750656923	1.3551912728997 0
103.988750656923	1.3551912728997 0
103.988750656923	1.3551912728997 0
103.988750656923	1.3551912728997 0
103.985169321753	1.35437107041035 0
103.985169321753	1.35437107041035 0
103.985169321753	1.35437107041035 0
103.985169321753	1.35437107041035 0
103.985169321753	1.35437107041035 0
103.985169321753	1.35437107041035 0
103.985169321753	1.35437107041035 0
103.856486789055	1.31139382410603 0
103.856486789055	1.31139382410603 0
103.856486789055	1.31139382410603 0
103.856486789055	1.31139382410603 0
103.856486789055	1.31139382410603 0
103.856486789055	1.31139382410603 0
103.856486789055	1.31139382410603 0
103.856486789055	1.31139382410603 0
103.856486789055	1.31139382410603 0
103.856486789055	1.31139382410603 0
103.856486789055	1.31139382410603 0
103.856486789055	1.31139382410603 0
103.856486789055	1.31139382410603 0
103.856486789055	1.31139382410603 0
103.856486789055	1.31139382410603 0
103.856486789055	1.31139382410603 0
103.856486789055	1.31139382410603 0
103.856486789055	1.31139382410603 0
103.942548753199	1.37845017029592 0
103.743284221184	1.33322926688484 0
103.827345519853	1.31943651487942 0
103.819812114853	1.25644560042472 0
103.788581644869	1.28909001907718 0
103.787576233572	1.28983083667105 0
103.790606497971	1.30541940634759 0
103.803483106164	1.27596638338458 0
103.786417385775	1.31052799639856 0
103.840901953757	1.42429862012319 0
103.854213413158	1.32988684489172 0
103.844737459919	1.37247634023671 0
103.901557703225	1.38493235004448 0
103.87944993035	1.37566760690912 0
103.844696761947	1.28499916466521 0
103.831757588454	1.29380268611036 0
103.785624160615	1.43614826938552 0
103.765476440529	1.31248332120503 0
103.763301309697	1.29754958260926 0
103.846245079652	1.27509553387181 0
103.843309276612	1.28365344206306 0
103.85360793171	1.29614078957889 0
103.905995717156	1.30188767638035 0
103.914144752851	1.33205127229124 0
103.855923244288	1.2998167358204 0
103.855247549835	1.30091832498036 0
103.843462852645	1.31733496953892 0
103.826998617161	1.28619491538129 0
103.819291653011	1.26451816995793 0
103.801126624795	1.27367691268982 0
103.894320042039	1.31889082719525 0
103.849441664255	1.30065136163602 0
103.962388984256	1.33432548753349 0
103.929584738267	1.32611257056852 0
103.943336232964	1.3216321986899 0
103.943336232964	1.3216321986899 0
103.943336232964	1.3216321986899 0
103.930623142009	1.31315928915108 0
103.930623142009	1.31315928915108 0
103.930623142009	1.31315928915108 0
103.946651152125	1.35727431264755 0
103.946651152125	1.35727431264755 0
103.946651152125	1.35727431264755 0
103.946651152125	1.35727431264755 0
103.789210858951	1.31200974915855 0
103.814247058873	1.46303599747321 0
103.859343649843	1.29296538287944 0
103.830641708059	1.30467662924025 0
103.818526261287	1.28263854926887 0
103.818526261287	1.28263854926887 0
103.818526261287	1.28263854926887 0
103.818526261287	1.28263854926887 0
103.818526261287	1.28263854926887 0
103.818526261287	1.28263854926887 0
103.818526261287	1.28263854926887 0
103.818526261287	1.28263854926887 0
103.818526261287	1.28263854926887 0
103.818526261287	1.28263854926887 0
103.818526261287	1.28263854926887 0
103.818526261287	1.28263854926887 0
103.818526261287	1.28263854926887 0
103.788294211772	1.28420821579021 0
103.788294211772	1.28420821579021 0
103.817206784634	1.27748563187413 0
103.817206784634	1.27748563187413 0
103.817206784634	1.27748563187413 0
103.988750656923	1.3551912728997 0
103.988750656923	1.3551912728997 0
103.988750656923	1.3551912728997 0
103.985169321753	1.35437107041035 0
103.985169321753	1.35437107041035 0
103.985169321753	1.35437107041035 0
103.985169321753	1.35437107041035 0
103.985169321753	1.35437107041035 0
103.985169321753	1.35437107041035 0
103.985169321753	1.35437107041035 0
103.985169321753	1.35437107041035 0
103.985169321753	1.35437107041035 0
103.985169321753	1.35437107041035 0
103.985169321753	1.35437107041035 0
103.985169321753	1.35437107041035 0
103.985169321753	1.35437107041035 0
103.985169321753	1.35437107041035 0
103.985169321753	1.35437107041035 0
103.985169321753	1.35437107041035 0
103.985169321753	1.35437107041035 0
103.985169321753	1.35437107041035 0
103.985169321753	1.35437107041035 0
103.985169321753	1.35437107041035 0
103.837458656491	1.3097092687947 0
103.819002889703	1.31749487302077 0
103.809675642808	1.28799518625594 0
103.828161965993	1.29735268495452 0
103.846507517687	1.28597800880936 0
103.848052281847	1.33257208630529 0
103.850894879355	1.2972292193215 0
103.851964534028	1.29711350628975 0
103.859868152449	1.30288158464025 0
103.72448295455	1.32592634163934 0
103.867773939823	1.33235468978963 0
103.854239855197	1.29956232728433 0
103.763993628179	1.38054278655805 0
103.91346378789	1.39360657945379 0
103.750538343417	1.34941251469754 0
103.802142566378	1.30406080528451 0
103.826051578195	1.42690814033183 0
103.852768001751	1.29376061751501 0
103.835700521352	1.30086577564841 0
103.751672687971	1.32822844107263 0
103.750719349524	1.35809961112826 0
103.776250209693	1.34239317632166 0
103.951822181481	1.37444878738562 0
103.804890759621	1.28851131951285 0
103.893661284097	1.37231220423245 0
103.848477304423	1.35023975791721 0
103.744950057105	1.38506869181735 0
103.871861295858	1.35067585119019 0
103.835776166949	1.42969881121852 0
103.757056429932	1.33858195221182 0
103.826934761736	1.28646378833044 0
103.804890759621	1.28851131951285 0
103.804890759621	1.28851131951285 0
103.788235081362	1.43973067376141 0
103.851453080525	1.28422167460493 0
103.849640038937	1.2858940013356 0
103.849640038937	1.2858940013356 0
103.846555681719	1.28886325173026 0
103.985169321753	1.35437107041035 0
103.985169321753	1.35437107041035 0
103.854866634858	1.29846998864492 0
103.854866634858	1.29846998864492 0
103.840479664751	1.29128711420081 0
103.859343649843	1.29296538287944 0
103.849281448981	1.28289736617081 0
103.849389130644	1.33139817294426 0
103.843470417417	1.27458855394478 0
103.84664975342	1.31044886495468 0
103.84664975342	1.31044886495468 0
103.84664975342	1.31044886495468 0
103.84664975342	1.31044886495468 0
103.84664975342	1.31044886495468 0
103.84664975342	1.31044886495468 0
103.84664975342	1.31044886495468 0
103.84664975342	1.31044886495468 0
103.837853339919	1.42387793347301 0
103.837853339919	1.42387793347301 0
103.837853339919	1.42387793347301 0
103.837853339919	1.42387793347301 0
103.837853339919	1.42387793347301 0
103.837853339919	1.42387793347301 0
103.837853339919	1.42387793347301 0
103.788235081362	1.43973067376141 0
103.788235081362	1.43973067376141 0
103.788235081362	1.43973067376141 0
103.788235081362	1.43973067376141 0
103.788235081362	1.43973067376141 0
103.796843720842	1.31192229061969 0
103.787122508888	1.30415007242679 0
103.8650415335	1.36516104382913 0
103.845648333434	1.28198346231938 0
103.794926173064	1.27620247023541 0
103.787122508888	1.30415007242679 0
103.787122508888	1.30415007242679 0
103.851763580643	1.28546660476418 0
103.831757588454	1.29380268611036 0
103.814245224541	1.32257350836839 0
103.79643046838	1.3107472916152 0
103.849569655505	1.37178078459831 0
103.849569655505	1.37178078459831 0
103.849569655505	1.37178078459831 0
103.849569655505	1.37178078459831 0
103.849569655505	1.37178078459831 0
103.849569655505	1.37178078459831 0
103.829234548771	1.43083270652996 0
103.829234548771	1.43083270652996 0
103.829234548771	1.43083270652996 0
103.829234548771	1.43083270652996 0
103.751903561224	1.38115561522452 0
103.751903561224	1.38115561522452 0
103.751903561224	1.38115561522452 0
103.768153357796	1.31881553323853 0
103.768153357796	1.31881553323853 0
103.768153357796	1.31881553323853 0
103.768153357796	1.31881553323853 0
103.768153357796	1.31881553323853 0
103.768153357796	1.31881553323853 0
103.768153357796	1.31881553323853 0
103.768153357796	1.31881553323853 0
103.768153357796	1.31881553323853 0
103.768153357796	1.31881553323853 0
103.872387537082	1.31569144750866 0
103.872387537082	1.31569144750866 0
103.872387537082	1.31569144750866 0
103.872387537082	1.31569144750866 0
103.872387537082	1.31569144750866 0
103.872387537082	1.31569144750866 0
103.872387537082	1.31569144750866 0
103.749456527012	1.35905921720713 0
103.749456527012	1.35905921720713 0
103.81943530057	1.44506843822671 0
103.81943530057	1.44506843822671 0
103.81943530057	1.44506843822671 0
103.725341232414	1.35055636232402 0
103.725341232414	1.35055636232402 0
103.725341232414	1.35055636232402 0
103.725341232414	1.35055636232402 0
103.788235081362	1.43973067376141 0
103.771624186795	1.38678688308894 0
103.771624186795	1.38678688308894 0
103.771624186795	1.38678688308894 0
103.771624186795	1.38678688308894 0
103.771624186795	1.38678688308894 0
103.91346378789	1.39360657945379 0
103.91346378789	1.39360657945379 0
103.91346378789	1.39360657945379 0
103.91346378789	1.39360657945379 0
103.91346378789	1.39360657945379 0
103.91346378789	1.39360657945379 0
103.91346378789	1.39360657945379 0
103.91346378789	1.39360657945379 0
103.91346378789	1.39360657945379 0
103.764659257118	1.38158712342222 0
103.764659257118	1.38158712342222 0
103.764659257118	1.38158712342222 0
103.764659257118	1.38158712342222 0
103.764659257118	1.38158712342222 0
103.764659257118	1.38158712342222 0
103.764659257118	1.38158712342222 0
103.823311990305	1.28601205447884 0
103.823311990305	1.28601205447884 0
103.823311990305	1.28601205447884 0
103.823311990305	1.28601205447884 0
103.850204973665	1.33493413597532 0
103.850204973665	1.33493413597532 0
103.850204973665	1.33493413597532 0
103.850204973665	1.33493413597532 0
103.850204973665	1.33493413597532 0
103.905014611495	1.30523505719994 0
103.84569779552	1.28259262600301 0
103.829344279731	1.37180867030314 0
103.849969658877	1.2979764787187 0
103.849389130644	1.33139817294426 0
103.839758579455	1.30197838049518 0
103.848477304423	1.35023975791721 0
103.821808296959	1.26439502238105 0
103.854797406655	1.29036620344844 0
103.794649742817	1.31144038581597 0
103.844960259456	1.29031743575025 0
103.843850315364	1.31996782122256 0
103.833189275719	1.30369924478715 0
103.944257972045	1.35270013336519 0
103.924724616846	1.31290690634005 0
103.82931457159	1.30587936476624 0
103.849628235258	1.29921402728079 0
103.818520051001	1.25172105354977 0
103.962388984256	1.33432548753349 0
103.806513001138	1.45068830375897 0
103.743284221184	1.33322926688484 0
103.829412474891	1.28757648504934 0
103.746376862177	1.32519986132972 0
103.831757588454	1.29380268611036 0
103.850204973665	1.33493413597532 0
103.850204973665	1.33493413597532 0
103.955129890806	1.34477499766498 0
103.955129890806	1.34477499766498 0
103.955129890806	1.34477499766498 0
103.8414277925	1.38151760219786 0
103.8414277925	1.38151760219786 0
103.8414277925	1.38151760219786 0
103.8414277925	1.38151760219786 0
103.65201472533	1.33556464122273 0
103.65201472533	1.33556464122273 0
103.65201472533	1.33556464122273 0
103.837853339919	1.42387793347301 0
103.837853339919	1.42387793347301 0
103.837853339919	1.42387793347301 0
103.845905078126	1.37097362642941 0
103.931068510445	1.32463607205915 0
103.914144752851	1.33205127229124 0
103.899634852683	1.29694012236996 0
103.855923244288	1.2998167358204 0
103.855247549835	1.30091832498036 0
103.744127735897	1.34745984304333 0
103.8174650633	1.283837837425 0
103.778585107457	1.33863198069505 0
103.744950057105	1.38506869181735 0
103.836429331361	1.30152135522328 0
103.901557703225	1.38493235004448 0
103.872366343991	1.35388065389954 0
103.851055311091	1.32512686445166 0
103.924269364694	1.31293505598608 0
103.776795500794	1.31103932839192 0
103.894320042039	1.31889082719525 0
103.857986650807	1.29449943156592 0
103.834675802225	1.30242451333319 0
103.943586606112	1.35308519115985 0
103.933491557335	1.34892958794177 0
103.959906121849	1.3543701547742 0
103.944284304446	1.34607708320719 0
103.895033478305	1.31447157437018 0
103.830838560919	1.3546531223482 0
103.847965104468	1.33297594708938 0
103.862001689772	1.32058643177562 0
103.749021661063	1.35018949225919 0
103.769654806173	1.44142215019373 0
103.79513641459	1.43767952863212 0
103.836966074404	1.43672511762561 0
103.723819179559	1.3262486072412 0
103.855455105992	1.37234391365862 0
103.861733230382	1.30162320856073 0
103.933497157019	1.32607628686398 0
103.925306971365	1.33131420578117 0
103.750538343417	1.34941251469754 0
103.8174650633	1.283837837425 0
103.778585107457	1.33863198069505 0
103.785624160615	1.43614826938552 0
103.839812896422	1.30193064707768 0
103.744950057105	1.38506869181735 0
103.765476440529	1.31248332120503 0
103.894979702823	1.39209448261065 0
103.811154545923	1.32302679344441 0
103.861865268987	1.30026724063823 0
103.954281554959	1.3775997280694 0
103.923949012034	1.31287513823 0
103.847873219679	1.28346624002797 0
103.702490548843	1.35485354326862 0
103.766170208557	1.38529589220364 0
103.725341232414	1.35055636232402 0
103.71815012502	1.34833049502145 0
103.71815012502	1.34833049502145 0
103.71815012502	1.34833049502145 0
103.71815012502	1.34833049502145 0
103.71815012502	1.34833049502145 0
103.926848272504	1.33335848341588 0
103.926848272504	1.33335848341588 0
103.926848272504	1.33335848341588 0
103.926848272504	1.33335848341588 0
103.926848272504	1.33335848341588 0
103.830706125056	1.28968299942564 0
103.830706125056	1.28968299942564 0
103.959197676837	1.36858736639209 0
103.959197676837	1.36858736639209 0
103.959197676837	1.36858736639209 0
103.907288278636	1.40328461686703 0
103.907288278636	1.40328461686703 0
103.907288278636	1.40328461686703 0
103.943336232964	1.3216321986899 0
103.943336232964	1.3216321986899 0
103.943336232964	1.3216321986899 0
103.8343018997	1.31046094652524 0
103.8343018997	1.31046094652524 0
103.849626231484	1.28326356122353 0
103.857413655342	1.29469095895413 0
103.83788777678	1.3015007135839 0
103.83788777678	1.3015007135839 0
103.831476991722	1.30580651530134 0
103.831014511092	1.3060788914931 0
103.804890759621	1.28851131951285 0
103.804890759621	1.28851131951285 0
103.845862521207	1.29072677138789 0
103.85093857487	1.28235517763631 0
103.85093857487	1.28235517763631 0
103.833189275719	1.30369924478715 0
103.851453080525	1.28422167460493 0
103.837853339919	1.42387793347301 0
103.819291653011	1.26451816995793 0
103.887831693568	1.37924562140266 0
103.826292157207	1.44399387342597 0
103.848477304423	1.35023975791721 0
103.740186751286	1.33332344798754 0
103.729174730249	1.34685616148708 0
103.706460564258	1.33983049043501 0
103.869690510431	1.32053950529154 0
103.900749804436	1.31784678091415 0
103.861865268987	1.30026724063823 0
103.856486789055	1.31139382410603 0
103.857007011272	1.29145560053916 0
103.742762943095	1.33415833003062 0
103.763993628179	1.38054278655805 0
103.762278459362	1.30844152227883 0
103.785624160615	1.43614826938552 0
103.949596282368	1.37237287934525 0
103.84996140531	1.29142741434113 0
103.855495116455	1.29579635267795 0
103.855495116455	1.29579635267795 0
103.839758579455	1.30197838049518 0
103.839275483095	1.30140298049706 0
103.857505722682	1.28334334578073 0
103.812272402186	1.26401292763527 0
103.83139481286	1.30403611991906 0
103.843850315364	1.31996782122256 0
103.8343018997	1.31046094652524 0
103.79944452365	1.28812254203599 0
103.79944452365	1.28812254203599 0
103.79944452365	1.28812254203599 0
103.79944452365	1.28812254203599 0
103.79944452365	1.28812254203599 0
103.79944452365	1.28812254203599 0
103.84664975342	1.31044886495468 0
103.84664975342	1.31044886495468 0
103.84664975342	1.31044886495468 0
103.84664975342	1.31044886495468 0
103.84664975342	1.31044886495468 0
103.84664975342	1.31044886495468 0
103.84664975342	1.31044886495468 0
103.84664975342	1.31044886495468 0
103.84664975342	1.31044886495468 0
103.84664975342	1.31044886495468 0
103.84664975342	1.31044886495468 0
103.84664975342	1.31044886495468 0
103.84664975342	1.31044886495468 0
103.84664975342	1.31044886495468 0
103.739475769165	1.33286970263108 0
103.739475769165	1.33286970263108 0
103.739475769165	1.33286970263108 0
103.70445235465	1.34046989474486 0
103.844696761947	1.28499916466521 0
103.844696761947	1.28499916466521 0
103.844696761947	1.28499916466521 0
103.885836960558	1.31744332180189 0
103.885836960558	1.31744332180189 0
103.885836960558	1.31744332180189 0
103.885836960558	1.31744332180189 0
103.885836960558	1.31744332180189 0
103.885836960558	1.31744332180189 0
103.885836960558	1.31744332180189 0
103.739475769165	1.33286970263108 0
103.739475769165	1.33286970263108 0
103.739475769165	1.33286970263108 0
103.739475769165	1.33286970263108 0
103.739475769165	1.33286970263108 0
103.70445235465	1.34046989474486 0
103.70445235465	1.34046989474486 0
103.70445235465	1.34046989474486 0
103.909544955567	1.30482893698677 0
103.909544955567	1.30482893698677 0
103.909544955567	1.30482893698677 0
103.909544955567	1.30482893698677 0
103.909544955567	1.30482893698677 0
103.909544955567	1.30482893698677 0
103.909544955567	1.30482893698677 0
103.949596282368	1.37237287934525 0
103.944524442706	1.35631233740255 0
103.944524442706	1.35631233740255 0
103.944524442706	1.35631233740255 0
103.8343018997	1.31046094652524 0
103.8343018997	1.31046094652524 0
103.8343018997	1.31046094652524 0
103.84664975342	1.31044886495468 0
103.84558037474	1.37479042596698 0
103.84558037474	1.37479042596698 0
103.84558037474	1.37479042596698 0
103.84558037474	1.37479042596698 0
103.84558037474	1.37479042596698 0
103.84558037474	1.37479042596698 0
103.84558037474	1.37479042596698 0
103.84558037474	1.37479042596698 0
103.930791871951	1.32683602181284 0
103.930791871951	1.32683602181284 0
103.930791871951	1.32683602181284 0
103.930791871951	1.32683602181284 0
103.930791871951	1.32683602181284 0
103.930791871951	1.32683602181284 0
103.930791871951	1.32683602181284 0
103.930791871951	1.32683602181284 0
103.853941975306	1.29749009728892 0
103.853941975306	1.29749009728892 0
103.853941975306	1.29749009728892 0
103.853941975306	1.29749009728892 0
103.853941975306	1.29749009728892 0
103.853941975306	1.29749009728892 0
103.853941975306	1.29749009728892 0
103.853941975306	1.29749009728892 0
103.853941975306	1.29749009728892 0
103.853941975306	1.29749009728892 0
103.837853339919	1.42387793347301 0
103.837853339919	1.42387793347301 0
103.837853339919	1.42387793347301 0
103.837853339919	1.42387793347301 0
103.837853339919	1.42387793347301 0
103.837853339919	1.42387793347301 0
103.837853339919	1.42387793347301 0
103.837853339919	1.42387793347301 0
103.837853339919	1.42387793347301 0
103.837853339919	1.42387793347301 0
103.837853339919	1.42387793347301 0
103.837853339919	1.42387793347301 0
103.837853339919	1.42387793347301 0
103.826934761736	1.28646378833044 0
103.856486789055	1.31139382410603 0
103.740186751286	1.33332344798754 0
103.87944993035	1.37566760690912 0
103.894979702823	1.39209448261065 0
103.79944452365	1.28812254203599 0
103.79944452365	1.28812254203599 0
103.79944452365	1.28812254203599 0
103.79944452365	1.28812254203599 0
103.79944452365	1.28812254203599 0
103.79944452365	1.28812254203599 0
103.79944452365	1.28812254203599 0
103.79944452365	1.28812254203599 0
103.79944452365	1.28812254203599 0
103.79944452365	1.28812254203599 0
103.79944452365	1.28812254203599 0
103.79944452365	1.28812254203599 0
103.79944452365	1.28812254203599 0
103.857007011272	1.29145560053916 0
103.834675802225	1.30242451333319 0
103.912890126693	1.39425662817758 0
103.885709065106	1.36207278192632 0
103.857986650807	1.29449943156592 0
103.944257972045	1.35270013336519 0
103.960041867421	1.35436526769837 0
103.89530462337	1.30817214198435 0
103.830838560919	1.3546531223482 0
103.847965104468	1.33297594708938 0
103.843462852645	1.31733496953892 0
103.949596282368	1.37237287934525 0
103.954281554959	1.3775997280694 0
103.79513641459	1.43767952863212 0
103.827920078239	1.42995535603413 0
103.84996140531	1.29142741434113 0
103.742824507617	1.34715287817728 0
103.842184059596	1.28061179208022 0
103.86225969374	1.30234788170813 0
103.849441664255	1.30065136163602 0
103.764422736987	1.31489653159905 0
103.743284221184	1.33322926688484 0
103.774636230291	1.42993024560546 0
103.711494623015	1.34822585984252 0
103.765476440529	1.31248332120503 0
103.953024178596	1.34270652881537 0
103.953024178596	1.34270652881537 0
103.832133736912	1.30805370294502 0
103.847873219679	1.28346624002797 0
103.774811537001	1.42953014438929 0
103.84996140531	1.29142741434113 0
103.69872594418	1.34869014819069 0
103.766170208557	1.38529589220364 0
103.819291653011	1.26451816995793 0
103.885079596304	1.35949698791752 0
103.893661284097	1.37231220423245 0
103.848477304423	1.35023975791721 0
103.729174730249	1.34685616148708 0
103.719025238853	1.3503844607254 0
103.692319903957	1.34236435720926 0
103.870735923379	1.32129688135106 0
103.876152341562	1.30222210629062 0
103.835776166949	1.42969881121852 0
103.843850315364	1.31996782122256 0
103.90511326612	1.30119164715155 0
103.834675802225	1.30242451333319 0
103.867079304878	1.33271391029252 0
103.912890126693	1.39425662817758 0
103.904336044224	1.39221765706686 0
103.852428410061	1.28228799247406 0
103.854173177133	1.29277807092155 0
103.849166455651	1.30001341815235 0
103.79944452365	1.28812254203599 0
103.79944452365	1.28812254203599 0
103.79944452365	1.28812254203599 0
103.79944452365	1.28812254203599 0
103.949294057674	1.34068507849618 0
103.84664975342	1.31044886495468 0
103.84664975342	1.31044886495468 0
103.84664975342	1.31044886495468 0
103.84664975342	1.31044886495468 0
103.84664975342	1.31044886495468 0
103.84664975342	1.31044886495468 0
103.84664975342	1.31044886495468 0
103.84664975342	1.31044886495468 0
103.84664975342	1.31044886495468 0
103.84664975342	1.31044886495468 0
103.84664975342	1.31044886495468 0
103.84664975342	1.31044886495468 0
103.84664975342	1.31044886495468 0
103.84664975342	1.31044886495468 0
103.84664975342	1.31044886495468 0
103.84664975342	1.31044886495468 0
103.84664975342	1.31044886495468 0
103.84664975342	1.31044886495468 0
103.84664975342	1.31044886495468 0
103.84664975342	1.31044886495468 0
103.84664975342	1.31044886495468 0
103.84664975342	1.31044886495468 0
103.84664975342	1.31044886495468 0
103.84664975342	1.31044886495468 0
103.84664975342	1.31044886495468 0
103.84664975342	1.31044886495468 0
103.84664975342	1.31044886495468 0
103.84664975342	1.31044886495468 0
103.84664975342	1.31044886495468 0
103.84664975342	1.31044886495468 0
103.84664975342	1.31044886495468 0
103.84664975342	1.31044886495468 0
103.84664975342	1.31044886495468 0
103.84664975342	1.31044886495468 0
103.84664975342	1.31044886495468 0
103.84664975342	1.31044886495468 0
103.84664975342	1.31044886495468 0
103.84664975342	1.31044886495468 0
103.84664975342	1.31044886495468 0
103.84664975342	1.31044886495468 0
103.84664975342	1.31044886495468 0
103.84664975342	1.31044886495468 0
103.84664975342	1.31044886495468 0
103.84664975342	1.31044886495468 0
103.84664975342	1.31044886495468 0
103.84664975342	1.31044886495468 0
103.84664975342	1.31044886495468 0
103.84664975342	1.31044886495468 0
103.84664975342	1.31044886495468 0
103.837853339919	1.42387793347301 0
103.837853339919	1.42387793347301 0
103.837853339919	1.42387793347301 0
103.837853339919	1.42387793347301 0
103.782651128021	1.29583443069712 0
103.782651128021	1.29583443069712 0
103.782651128021	1.29583443069712 0
103.782651128021	1.29583443069712 0
103.782651128021	1.29583443069712 0
103.833999070567	1.2785425977602 0
103.833999070567	1.2785425977602 0
103.833999070567	1.2785425977602 0
103.833999070567	1.2785425977602 0
103.833999070567	1.2785425977602 0
103.833999070567	1.2785425977602 0
103.833999070567	1.2785425977602 0
103.833999070567	1.2785425977602 0
103.833999070567	1.2785425977602 0
103.833999070567	1.2785425977602 0
103.833999070567	1.2785425977602 0
103.833999070567	1.2785425977602 0
103.833999070567	1.2785425977602 0
103.833999070567	1.2785425977602 0
103.833999070567	1.2785425977602 0
103.833999070567	1.2785425977602 0
103.833999070567	1.2785425977602 0
103.833999070567	1.2785425977602 0
103.833999070567	1.2785425977602 0
103.833999070567	1.2785425977602 0
103.833999070567	1.2785425977602 0
103.833999070567	1.2785425977602 0
103.833999070567	1.2785425977602 0
103.833999070567	1.2785425977602 0
103.833999070567	1.2785425977602 0
103.833999070567	1.2785425977602 0
103.833999070567	1.2785425977602 0
103.833999070567	1.2785425977602 0
103.833999070567	1.2785425977602 0
103.833999070567	1.2785425977602 0
103.84538868903	1.32171631367975 0
103.84538868903	1.32171631367975 0
103.84538868903	1.32171631367975 0
103.84538868903	1.32171631367975 0
103.833999070567	1.2785425977602 0
103.833999070567	1.2785425977602 0
103.833999070567	1.2785425977602 0
103.833999070567	1.2785425977602 0
103.833999070567	1.2785425977602 0
103.833999070567	1.2785425977602 0
103.833999070567	1.2785425977602 0
103.833999070567	1.2785425977602 0
103.833999070567	1.2785425977602 0
103.833999070567	1.2785425977602 0
103.833999070567	1.2785425977602 0
103.833999070567	1.2785425977602 0
103.833999070567	1.2785425977602 0
103.833999070567	1.2785425977602 0
103.833999070567	1.2785425977602 0
103.833999070567	1.2785425977602 0
103.833999070567	1.2785425977602 0
103.833999070567	1.2785425977602 0
103.833999070567	1.2785425977602 0
103.833999070567	1.2785425977602 0
103.833999070567	1.2785425977602 0
103.833999070567	1.2785425977602 0
103.833999070567	1.2785425977602 0
103.833999070567	1.2785425977602 0
103.833999070567	1.2785425977602 0
103.944524442706	1.35631233740255 0
103.850491486901	1.33352109427326 0
103.850491486901	1.33352109427326 0
103.850491486901	1.33352109427326 0
103.850491486901	1.33352109427326 0
103.850491486901	1.33352109427326 0
103.850491486901	1.33352109427326 0
103.850491486901	1.33352109427326 0
103.850491486901	1.33352109427326 0
103.850491486901	1.33352109427326 0
103.850491486901	1.33352109427326 0
103.78661928863	1.43507823363976 0
103.78661928863	1.43507823363976 0
103.78661928863	1.43507823363976 0
103.78661928863	1.43507823363976 0
103.78661928863	1.43507823363976 0
103.78661928863	1.43507823363976 0
103.78661928863	1.43507823363976 0
103.78661928863	1.43507823363976 0
103.78661928863	1.43507823363976 0
103.78661928863	1.43507823363976 0
103.949596282368	1.37237287934525 0
103.70445235465	1.34046989474486 0
103.70445235465	1.34046989474486 0
103.739475769165	1.33286970263108 0
103.739475769165	1.33286970263108 0
103.739475769165	1.33286970263108 0
103.739475769165	1.33286970263108 0
103.739475769165	1.33286970263108 0
103.70445235465	1.34046989474486 0
103.70445235465	1.34046989474486 0
103.854797406655	1.29036620344844 0
103.854797406655	1.29036620344844 0
103.854797406655	1.29036620344844 0
103.854797406655	1.29036620344844 0
103.768839531995	1.35282678802907 0
103.768839531995	1.35282678802907 0
103.84830671906	1.29301856416988 0
103.84830671906	1.29301856416988 0
103.741683252425	1.33136379784541 0
103.741683252425	1.33136379784541 0
103.853245241906	1.29604242110054 0
103.853245241906	1.29604242110054 0
103.853245241906	1.29604242110054 0
103.853245241906	1.29604242110054 0
103.853379389808	1.29876205831639 0
103.853379389808	1.29876205831639 0
103.853379389808	1.29876205831639 0
103.853379389808	1.29876205831639 0
103.853379389808	1.29876205831639 0
103.853379389808	1.29876205831639 0
103.853379389808	1.29876205831639 0
103.853379389808	1.29876205831639 0
103.853379389808	1.29876205831639 0
103.853379389808	1.29876205831639 0
103.853379389808	1.29876205831639 0
103.853379389808	1.29876205831639 0
103.853379389808	1.29876205831639 0
103.853379389808	1.29876205831639 0
103.853379389808	1.29876205831639 0
103.853379389808	1.29876205831639 0
103.853379389808	1.29876205831639 0
103.853379389808	1.29876205831639 0
103.853941975306	1.29749009728892 0
103.853941975306	1.29749009728892 0
103.853941975306	1.29749009728892 0
103.853941975306	1.29749009728892 0
103.853941975306	1.29749009728892 0
103.853941975306	1.29749009728892 0
103.853941975306	1.29749009728892 0
103.853941975306	1.29749009728892 0
103.749021661063	1.35018949225919 0
103.749021661063	1.35018949225919 0
103.749021661063	1.35018949225919 0
103.815563415419	1.28422543923901 0
103.815563415419	1.28422543923901 0
103.815563415419	1.28422543923901 0
103.815563415419	1.28422543923901 0
103.815563415419	1.28422543923901 0
103.815563415419	1.28422543923901 0
103.815563415419	1.28422543923901 0
103.763993628179	1.38054278655805 0
103.763993628179	1.38054278655805 0
103.763993628179	1.38054278655805 0
103.893661284097	1.37231220423245 0
103.893661284097	1.37231220423245 0
103.893661284097	1.37231220423245 0
103.739475769165	1.33286970263108 0
103.739475769165	1.33286970263108 0
103.739475769165	1.33286970263108 0
103.739475769165	1.33286970263108 0
103.739475769165	1.33286970263108 0
103.741833314017	1.38464447447189 0
103.738115163513	1.37961854082114 0
103.848861966322	1.30744574996623 0
103.848861966322	1.30744574996623 0
103.941301687819	1.35571363148452 0
103.859134264398	1.3086339222602 0
103.859134264398	1.3086339222602 0
103.859134264398	1.3086339222602 0
103.859134264398	1.3086339222602 0
103.859134264398	1.3086339222602 0
103.859134264398	1.3086339222602 0
103.859134264398	1.3086339222602 0
103.859134264398	1.3086339222602 0
103.859134264398	1.3086339222602 0
103.859134264398	1.3086339222602 0
103.877905736168	1.38923156589801 0
103.876330074316	1.39255073186775 0
103.944964907106	1.31964002384821 0
103.770132027683	1.323684346264 0
103.720527880821	1.33963637859932 0
103.962266546383	1.35191910334826 0
103.947416142563	1.34691504322933 0
103.952815641216	1.35001653813357 0
103.950427184488	1.34869215823703 0
103.933498857176	1.35670639340349 0
103.952702688112	1.35401927723132 0
103.94870141569	1.35641052084211 0
103.948634858868	1.34963043734141 0
103.9343830406	1.35904192892442 0
103.937371236292	1.34574989560612 0
103.79332588612	1.43371633034931 0
103.78119924239	1.43608327502066 0
103.78200273873	1.4304598385143 0
103.803192192091	1.436717703659 0
103.793474252944	1.4433029345918 0
103.795048590103	1.43995541409223 0
103.748997123862	1.39782712417691 0
103.742048953541	1.38883119519043 0
103.742585772139	1.39367314555913 0
103.744955171757	1.39632714193562 0
103.743785980368	1.39942442389515 0
103.751539618151	1.40277660776883 0
103.836735710706	1.37932809994955 0
103.842458051742	1.379917378455 0
103.736753882881	1.34137248050705 0
103.73792419127	1.33771206398267 0
103.775976796105	1.4301041073852 0
103.74549867734	1.38409863369 0
103.887134339106	1.37068124481166 0
103.961722053248	1.37101262936033 0
103.850311846769	1.34816831171813 0
103.905021723251	1.38814137724042 0
103.938148225838	1.3807683078448 0
103.931478480811	1.35132640995437 0
103.935939643841	1.35881572241969 0
103.935952067857	1.35173883410164 0
103.834878487421	1.27443080437164 0
103.740252119323	1.37817078864937 0
103.789210858951	1.31200974915855 0
103.838149684522	1.36739645900604 0
103.841226512442	1.37626820454552 0
103.834658724451	1.36946087216093 0
103.841947417857	1.37207698292125 0
103.862994764706	1.32372413807534 0
103.84290784282	1.28180096422341 0
103.935821648104	1.33655034751424 0
103.88629322655	1.32684957846023 0
103.887203293278	1.32740065019756 0
103.887996497852	1.32491537927051 0
103.882860033392	1.32192535121353 0
103.913087641351	1.30473381943127 0
103.89172168556	1.3584115192213 0
103.8826881033	1.30704339700648 0
103.695614202064	1.33648776745892 0
103.702784028356	1.33894674148091 0
103.704582592918	1.33654973104696 0
103.865596676802	1.33576062274251 0
103.868810272153	1.33369045284578 0
103.853379389808	1.29876205831639 0
103.853379389808	1.29876205831639 0
103.853379389808	1.29876205831639 0
103.78661928863	1.43507823363976 0
103.78661928863	1.43507823363976 0
103.78661928863	1.43507823363976 0
103.84538868903	1.32171631367975 0
103.84538868903	1.32171631367975 0
103.84538868903	1.32171631367975 0
103.84538868903	1.32171631367975 0
103.84538868903	1.32171631367975 0
103.84538868903	1.32171631367975 0
103.84538868903	1.32171631367975 0
103.737790783747	1.3230796312123 0
103.747432818979	1.31900954479912 0
103.739872203495	1.3218443008083 0
103.814982987252	1.28391064288377 0
103.949596282368	1.37237287934525 0
103.805430486936	1.29864055970291 0
103.805430486936	1.29864055970291 0
103.805430486936	1.29864055970291 0
103.805430486936	1.29864055970291 0
103.805430486936	1.29864055970291 0
103.805430486936	1.29864055970291 0
103.835776166949	1.42969881121852 0
103.835776166949	1.42969881121852 0
103.835776166949	1.42969881121852 0
103.819461786469	1.44822686155732 0
103.819461786469	1.44822686155732 0
103.819461786469	1.44822686155732 0
103.894979702823	1.39209448261065 0
103.894979702823	1.39209448261065 0
103.894979702823	1.39209448261065 0
103.871861295858	1.35067585119019 0
103.871861295858	1.35067585119019 0
103.871861295858	1.35067585119019 0
103.944524442706	1.35631233740255 0
103.944524442706	1.35631233740255 0
103.944524442706	1.35631233740255 0
103.944524442706	1.35631233740255 0
103.944524442706	1.35631233740255 0
103.853941975306	1.29749009728892 0
103.853941975306	1.29749009728892 0
103.853941975306	1.29749009728892 0
103.853941975306	1.29749009728892 0
103.853941975306	1.29749009728892 0
103.853941975306	1.29749009728892 0
103.853941975306	1.29749009728892 0
103.853941975306	1.29749009728892 0
103.853941975306	1.29749009728892 0
103.853941975306	1.29749009728892 0
103.853941975306	1.29749009728892 0
103.853941975306	1.29749009728892 0
103.853941975306	1.29749009728892 0
103.853941975306	1.29749009728892 0
103.853941975306	1.29749009728892 0
103.853941975306	1.29749009728892 0
103.853941975306	1.29749009728892 0
103.853941975306	1.29749009728892 0
103.853941975306	1.29749009728892 0
103.853941975306	1.29749009728892 0
103.853941975306	1.29749009728892 0
103.853941975306	1.29749009728892 0
103.853941975306	1.29749009728892 0
103.853941975306	1.29749009728892 0
103.853941975306	1.29749009728892 0
103.853941975306	1.29749009728892 0
103.84538868903	1.32171631367975 0
103.84538868903	1.32171631367975 0
103.84538868903	1.32171631367975 0
103.84538868903	1.32171631367975 0
103.84538868903	1.32171631367975 0
103.84538868903	1.32171631367975 0
103.848842697262	1.34985338037785 0
103.848842697262	1.34985338037785 0
103.848842697262	1.34985338037785 0
103.848842697262	1.34985338037785 0
103.848842697262	1.34985338037785 0
103.848842697262	1.34985338037785 0
103.848842697262	1.34985338037785 0
103.848842697262	1.34985338037785 0
103.848842697262	1.34985338037785 0
103.744950057105	1.38506869181735 0
103.744950057105	1.38506869181735 0
103.744950057105	1.38506869181735 0
103.744950057105	1.38506869181735 0
103.764422736987	1.31489653159905 0
103.764422736987	1.31489653159905 0
103.764422736987	1.31489653159905 0
103.820829695562	1.28352788695047 0
103.747432818979	1.31900954479912 0
103.770836564917	1.38322252376149 0
103.769852496708	1.37720081020122 0
103.771656184718	1.37526331376781 0
103.774462323146	1.37757369171956 0
103.771833327172	1.38007241977354 0
103.76880083702	1.3823038552663 0
103.825907184336	1.27508117356398 0
103.76478669859	1.31738057646493 0
103.816488136534	1.45245254722073 0
103.819475270393	1.45199851017846 0
103.951007119523	1.34301987051176 0
103.955678186897	1.34731398828984 0
103.958209784289	1.34469977356743 0
103.956903131323	1.34360992647027 0
103.859134264398	1.3086339222602 0
103.859134264398	1.3086339222602 0
103.859134264398	1.3086339222602 0
103.859134264398	1.3086339222602 0
103.859134264398	1.3086339222602 0
103.859134264398	1.3086339222602 0
103.859134264398	1.3086339222602 0
103.735659694008	1.33322765582923 0
103.735659694008	1.33322765582923 0
103.735659694008	1.33322765582923 0
103.735659694008	1.33322765582923 0
103.735659694008	1.33322765582923 0
103.735659694008	1.33322765582923 0
103.735659694008	1.33322765582923 0
103.735659694008	1.33322765582923 0
103.735659694008	1.33322765582923 0
103.735659694008	1.33322765582923 0
103.735659694008	1.33322765582923 0
103.735659694008	1.33322765582923 0
103.735659694008	1.33322765582923 0
103.735659694008	1.33322765582923 0
103.735659694008	1.33322765582923 0
103.735659694008	1.33322765582923 0
103.735659694008	1.33322765582923 0
103.735659694008	1.33322765582923 0
103.735659694008	1.33322765582923 0
103.735659694008	1.33322765582923 0
103.735659694008	1.33322765582923 0
103.735659694008	1.33322765582923 0
103.842665844295	1.28686156140917 0
103.842665844295	1.28686156140917 0
103.741683252425	1.33136379784541 0
103.741683252425	1.33136379784541 0
103.741683252425	1.33136379784541 0
103.741683252425	1.33136379784541 0
103.741683252425	1.33136379784541 0
103.928893431158	1.3286896305956 0
103.853347219491	1.2968534446719 0
103.845765848236	1.28521252736655 0
103.854735753901	1.30243154682867 0
103.850708996145	1.30346129764353 0
103.853987783207	1.30093535129659 0
103.860869030078	1.30510450942361 0
103.857854257015	1.37057798609422 0
103.873397979304	1.37263509669785 0
103.875090334275	1.37353795385457 0
103.875246295502	1.37151160684975 0
103.879332876182	1.38045263944118 0
103.839406740703	1.28737796276134 0
103.880062689306	1.33540759628705 0
103.853906271108	1.36697114851431 0
103.850157165184	1.37443172617875 0
103.842303025879	1.28623555501313 0
103.828834913561	1.42995488865652 0
103.822098351447	1.44703593602008 0
103.820208725708	1.45038795510107 0
103.885407672609	1.32968266480884 0
103.939846891257	1.32190697243942 0
103.94226498175	1.32343618992172 0
103.924832349987	1.33642017879873 0
103.896537397701	1.3751754028658 0
103.891815012156	1.37437916114609 0
103.939124202497	1.32283737429185 0
103.853595042445	1.34642275101932 0
103.71356803319	1.34658642746152 0
103.70803297794	1.34509406094078 0
103.873842605556	1.34777929121854 0
103.873297813416	1.35243860822123 0
103.869821507559	1.35424039379964 0
103.869408154919	1.35116889872773 0
103.936000559386	1.37594792072827 0
103.756628513895	1.34355392685431 0
103.747158175575	1.35153517260868 0
103.744471583191	1.35044744624366 0
103.742657808377	1.34814982578057 0
103.740908964491	1.34660766468095 0
103.749955771421	1.34548041354985 0
103.752217017013	1.34718506724066 0
103.745834317949	1.34600085967818 0
103.78661928863	1.43507823363976 0
103.78661928863	1.43507823363976 0
103.843830556506	1.28705960462285 0
103.843830556506	1.28705960462285 0
103.843830556506	1.28705960462285 0
103.833999070567	1.2785425977602 0
103.838314726086	1.27933181147448 0
103.838314726086	1.27933181147448 0
103.838314726086	1.27933181147448 0
103.838314726086	1.27933181147448 0
103.838314726086	1.27933181147448 0
103.838314726086	1.27933181147448 0
103.838314726086	1.27933181147448 0
103.838314726086	1.27933181147448 0
103.838314726086	1.27933181147448 0
103.838314726086	1.27933181147448 0
103.838314726086	1.27933181147448 0
103.838314726086	1.27933181147448 0
103.846114829432	1.29870164900664 0
103.846114829432	1.29870164900664 0
103.838351900884	1.28051025860979 0
103.838351900884	1.28051025860979 0
103.848861966322	1.30744574996623 0
103.884748609713	1.3005915166151 0
103.854726171478	1.36167800126112 0
103.844994437581	1.3662867586769 0
103.859376869794	1.36701997687079 0
103.848396019039	1.36511800344484 0
103.725450390592	1.35086172802101 0
103.725341232414	1.35055636232402 0
103.741941528284	1.33719180556993 0
103.720031630246	1.35021102153664 0
103.716072400963	1.35291426610611 0
103.929204219468	1.33108940350267 0
103.922843657184	1.33066624280873 0
103.72020814174	1.37185004247093 0
103.72020814174	1.37185004247093 0
103.72020814174	1.37185004247093 0
103.72020814174	1.37185004247093 0
103.72020814174	1.37185004247093 0
103.72020814174	1.37185004247093 0
103.72020814174	1.37185004247093 0
103.72020814174	1.37185004247093 0
103.72020814174	1.37185004247093 0
103.773083909357	1.33245846841429 0
103.931220563202	1.34663432502517 0
103.931220563202	1.34663432502517 0
103.931220563202	1.34663432502517 0
103.931220563202	1.34663432502517 0
103.931220563202	1.34663432502517 0
103.931220563202	1.34663432502517 0
103.931220563202	1.34663432502517 0
103.801126624795	1.27367691268982 0
103.801126624795	1.27367691268982 0
103.801126624795	1.27367691268982 0
103.801126624795	1.27367691268982 0
103.801126624795	1.27367691268982 0
103.801126624795	1.27367691268982 0
103.801126624795	1.27367691268982 0
103.801126624795	1.27367691268982 0
103.89340000843	1.31495763785246 0
103.89340000843	1.31495763785246 0
103.89340000843	1.31495763785246 0
103.89340000843	1.31495763785246 0
103.89340000843	1.31495763785246 0
103.89340000843	1.31495763785246 0
103.89340000843	1.31495763785246 0
103.89340000843	1.31495763785246 0
103.89340000843	1.31495763785246 0
103.89340000843	1.31495763785246 0
103.89340000843	1.31495763785246 0
103.863600262446	1.3360732346271 0
103.88818572558	1.37525229531713 0
103.89445249773	1.3829106240188 0
103.910981173338	1.39378422219032 0
103.897030760132	1.38199736016138 0
103.906568985627	1.39809078439458 0
103.893597130224	1.37752754135197 0
103.91346378789	1.39360657945379 0
103.91346378789	1.39360657945379 0
103.910880353883	1.39875235952806 0
103.896252562706	1.37773478138139 0
103.807788909945	1.29380293703357 0
103.803698975099	1.29490341732552 0
103.800026216249	1.29407367652846 0
103.808204973417	1.28881649540048 0
103.802364380465	1.29069818037912 0
103.819434610625	1.28742244295309 0
103.900312044145	1.38349266071851 0
103.820883314089	1.45360928588846 0
103.828749056324	1.45165734087978 0
103.889848439568	1.38742409984939 0
103.891350635501	1.39323003819595 0
103.888999868874	1.39333389360651 0
103.886488939966	1.39029922653093 0
103.811106347248	1.27524577444385 0
103.809744321472	1.27349337888518 0
103.811571216984	1.28054713470564 0
103.850524321013	1.33674658330624 0
103.850092562524	1.33390132534396 0
103.847449040271	1.33901645482787 0
103.845452546316	1.33220659258183 0
103.84505432054	1.33146634771682 0
103.84763079633	1.33576258013459 0
103.900491746051	1.32650699765371 0
103.762166242637	1.30572299079531 0
103.760411238167	1.31032050161538 0
103.762752445339	1.30439967498648 0
103.857337160131	1.32626391305664 0
103.908751641344	1.30308790843885 0
103.907440222777	1.30337368593956 0
103.852768001751	1.29376061751501 0
103.852768001751	1.29376061751501 0
103.852768001751	1.29376061751501 0
103.852768001751	1.29376061751501 0
103.852768001751	1.29376061751501 0
103.852768001751	1.29376061751501 0
103.852768001751	1.29376061751501 0
103.852768001751	1.29376061751501 0
103.852768001751	1.29376061751501 0
103.852768001751	1.29376061751501 0
103.852768001751	1.29376061751501 0
103.852768001751	1.29376061751501 0
103.852768001751	1.29376061751501 0
103.89340000843	1.31495763785246 0
103.89340000843	1.31495763785246 0
103.89340000843	1.31495763785246 0
103.89340000843	1.31495763785246 0
103.89340000843	1.31495763785246 0
103.84996140531	1.29142741434113 0
103.84996140531	1.29142741434113 0
103.84996140531	1.29142741434113 0
103.84996140531	1.29142741434113 0
103.84996140531	1.29142741434113 0
103.84996140531	1.29142741434113 0
103.84996140531	1.29142741434113 0
103.84996140531	1.29142741434113 0
103.84996140531	1.29142741434113 0
103.83139481286	1.30403611991906 0
103.83139481286	1.30403611991906 0
103.83139481286	1.30403611991906 0
103.83139481286	1.30403611991906 0
103.83139481286	1.30403611991906 0
103.83139481286	1.30403611991906 0
103.83139481286	1.30403611991906 0
103.83139481286	1.30403611991906 0
103.83139481286	1.30403611991906 0
103.83139481286	1.30403611991906 0
103.83139481286	1.30403611991906 0
103.83139481286	1.30403611991906 0
103.83139481286	1.30403611991906 0
103.83139481286	1.30403611991906 0
103.83139481286	1.30403611991906 0
103.83139481286	1.30403611991906 0
103.83139481286	1.30403611991906 0
103.83139481286	1.30403611991906 0
103.83139481286	1.30403611991906 0
103.83139481286	1.30403611991906 0
103.83139481286	1.30403611991906 0
103.83139481286	1.30403611991906 0
103.83139481286	1.30403611991906 0
103.83139481286	1.30403611991906 0
103.83139481286	1.30403611991906 0
103.83139481286	1.30403611991906 0
103.84996140531	1.29142741434113 0
103.915066696965	1.3037162231937 0
103.915013690812	1.30530263104383 0
103.917228715978	1.30456374851597 0
103.772917803684	1.44337642929142 0
103.778948818625	1.43911274543199 0
103.774921249672	1.43333360909713 0
103.77766970299	1.43464113055624 0
103.84479645023	1.32855805538137 0
103.851105234591	1.31675740917309 0
103.850622497741	1.31424154971907 0
103.689772245322	1.3428773138897 0
103.697134272476	1.34594338451979 0
103.837338006811	1.41382364699136 0
103.846523177534	1.42767596307293 0
103.936383220197	1.37755417900547 0
103.95905663273	1.36624765971776 0
103.954863950934	1.36957026317689 0
103.959637093344	1.37141521191575 0
103.891477342687	1.36424631271231 0
103.887727039945	1.35313905253266 0
103.880165032438	1.3522105876163 0
103.738349232459	1.37545015315748 0
103.769854461361	1.31349326707406 0
103.765901101148	1.31110126005077 0
103.767487235787	1.31474063192008 0
103.762860653249	1.31291252740332 0
103.896980067286	1.39259818585867 0
103.901777629544	1.39634933752135 0
103.899789574919	1.39224666042312 0
103.89859537722	1.39633006887697 0
103.893923316069	1.38831344091673 0
103.897547090257	1.38681862159542 0
103.899719384096	1.38741295423033 0
103.950422490987	1.36676445984471 0
103.886826543991	1.31045053243135 0
103.944755998884	1.37343286580561 0
103.897854623447	1.31822695506983 0
103.915599003557	1.33396219214052 0
103.908871858985	1.33245025057429 0
103.913273952231	1.33390236058681 0
103.912614832035	1.33211961351618 0
103.808061652445	1.31883258853349 0
103.940763370686	1.32769228676858 0
103.935458326823	1.33145607358654 0
103.93660114963	1.33329885177637 0
103.941309410231	1.33288932932223 0
103.939046113142	1.32925915667209 0
103.886675351969	1.31838897319036 0
103.90327428063	1.3284576475445 0
103.822356526801	1.29021453821766 0
103.703280163196	1.35286587871984 0
103.824791333154	1.44175329902169 0
103.824791333154	1.44175329902169 0
103.824791333154	1.44175329902169 0
103.824791333154	1.44175329902169 0
103.824791333154	1.44175329902169 0
103.824791333154	1.44175329902169 0
103.824791333154	1.44175329902169 0
103.824791333154	1.44175329902169 0
103.824791333154	1.44175329902169 0
103.788214210577	1.306849160917 0
103.788214210577	1.306849160917 0
103.788214210577	1.306849160917 0
103.788214210577	1.306849160917 0
103.944257972045	1.35270013336519 0
103.944257972045	1.35270013336519 0
103.944257972045	1.35270013336519 0
103.944257972045	1.35270013336519 0
103.944257972045	1.35270013336519 0
103.944257972045	1.35270013336519 0
103.763993628179	1.38054278655805 0
103.763993628179	1.38054278655805 0
103.763993628179	1.38054278655805 0
103.763993628179	1.38054278655805 0
103.706460564258	1.33983049043501 0
103.706460564258	1.33983049043501 0
103.706460564258	1.33983049043501 0
103.706460564258	1.33983049043501 0
103.843483585203	1.28480805851196 0
103.843483585203	1.28480805851196 0
103.843483585203	1.28480805851196 0
103.843483585203	1.28480805851196 0
103.811222135735	1.3257931864504 0
103.811222135735	1.3257931864504 0
103.811222135735	1.3257931864504 0
103.811222135735	1.3257931864504 0
103.819532118318	1.28192059319532 0
103.861403474974	1.31817676110283 0
103.857017989483	1.37365797955313 0
103.83139481286	1.30403611991906 0
103.83139481286	1.30403611991906 0
103.83139481286	1.30403611991906 0
103.83139481286	1.30403611991906 0
103.83139481286	1.30403611991906 0
103.848477304423	1.35023975791721 0
103.848477304423	1.35023975791721 0
103.848477304423	1.35023975791721 0
103.848477304423	1.35023975791721 0
103.835776166949	1.42969881121852 0
103.835776166949	1.42969881121852 0
103.852768001751	1.29376061751501 0
103.837522690927	1.43533780365018 0
103.787431908863	1.30989259710397 0
103.836155133265	1.43331719117884 0
103.838964397324	1.43498038692729 0
103.756604406981	1.35025916483203 0
103.906537596327	1.33167151410722 0
103.840001952218	1.38156203535507 0
103.821808296959	1.26439502238105 0
103.894115926147	1.33295997753863 0
103.90511326612	1.30119164715155 0
103.834675802225	1.30242451333319 0
103.848477304423	1.35023975791721 0
103.746876815817	1.33491791550897 0
103.831757588454	1.29380268611036 0
103.894979702823	1.39209448261065 0
103.943709412358	1.35240268198101 0
103.962388984256	1.33432548753349 0
103.764422736987	1.31489653159905 0
103.72020814174	1.37185004247093 0
103.72020814174	1.37185004247093 0
103.72020814174	1.37185004247093 0
103.72020814174	1.37185004247093 0
103.72020814174	1.37185004247093 0
103.72020814174	1.37185004247093 0
103.72020814174	1.37185004247093 0
103.72020814174	1.37185004247093 0
103.72020814174	1.37185004247093 0
103.72020814174	1.37185004247093 0
103.83139481286	1.30403611991906 0
103.83139481286	1.30403611991906 0
103.83139481286	1.30403611991906 0
103.83139481286	1.30403611991906 0
103.83139481286	1.30403611991906 0
103.83139481286	1.30403611991906 0
103.83139481286	1.30403611991906 0
103.83139481286	1.30403611991906 0
103.83139481286	1.30403611991906 0
103.83139481286	1.30403611991906 0
103.83139481286	1.30403611991906 0
103.83139481286	1.30403611991906 0
103.83139481286	1.30403611991906 0
103.83139481286	1.30403611991906 0
103.83139481286	1.30403611991906 0
103.83139481286	1.30403611991906 0
103.83139481286	1.30403611991906 0
103.83139481286	1.30403611991906 0
103.83139481286	1.30403611991906 0
103.83139481286	1.30403611991906 0
103.83139481286	1.30403611991906 0
103.83139481286	1.30403611991906 0
103.7216260761	1.33530713868843 0
103.902191788763	1.38684529645147 0
103.84996140531	1.29142741434113 0
103.819291653011	1.26451816995793 0
103.819291653011	1.26451816995793 0
103.819291653011	1.26451816995793 0
103.819291653011	1.26451816995793 0
103.819291653011	1.26451816995793 0
103.819291653011	1.26451816995793 0
103.819291653011	1.26451816995793 0
103.819291653011	1.26451816995793 0
103.819291653011	1.26451816995793 0
103.819291653011	1.26451816995793 0
103.819291653011	1.26451816995793 0
103.819291653011	1.26451816995793 0
103.819291653011	1.26451816995793 0
103.819291653011	1.26451816995793 0
103.83139481286	1.30403611991906 0
103.83139481286	1.30403611991906 0
103.83139481286	1.30403611991906 0
103.83139481286	1.30403611991906 0
103.83139481286	1.30403611991906 0
103.83139481286	1.30403611991906 0
103.83139481286	1.30403611991906 0
103.83139481286	1.30403611991906 0
103.83139481286	1.30403611991906 0
103.942020693476	1.37463017874156 0
103.905111556965	1.38669121054005 0
103.829075471608	1.43231511406775 0
103.702203359941	1.34187762223973 0
103.885168473885	1.31901308712267 0
103.85502407452	1.34663183402568 0
103.840518559824	1.36558866497525 0
103.947376238105	1.3753511727414 0
103.886521013314	1.32337999103211 0
103.766529480164	1.30434143730071 0
103.862781162392	1.304310769279 0
103.905458652754	1.39454101190426 0
103.854284179403	1.34488633583939 0
103.796998521862	1.43542641692182 0
103.786208500535	1.30868281952327 0
103.914992521946	1.33182927534625 0
103.785927617035	1.43392864492512 0
103.782636884688	1.3040604661157 0
103.858250359966	1.32131206766979 0
103.801106166568	1.44159583490397 0
103.859554979701	1.32641060275408 0
103.777182401118	1.44134536554915 0
103.87314014865	1.35755290330909 0
103.76782803873	1.31797240591304 0
103.898588413242	1.37044581561221 0
103.816852061594	1.44944167564435 0
103.78358407463	1.30707008421574 0
103.934476555682	1.3542509418739 0
103.890795018311	1.3700837826203 0
103.910697210984	1.32458109834884 0
103.874778390012	1.39220093108663 0
103.826086591888	1.27942705195092 0
103.849040743496	1.3468106278427 0
103.734572932236	1.34729536638104 0
103.88826456583	1.36564821151663 0
103.691936182067	1.34642713195738 0
103.882841325283	1.35223375734167 0
103.84006993418	1.27447649353439 0
103.83882440731	1.43700381709867 0
103.907860712385	1.40442085052947 0
103.721043440689	1.32748359214753 0
103.84958880972	1.34152944788378 0
103.895489804324	1.36720875378714 0
103.898358600656	1.40331410468792 0
103.88232339937	1.37052128261933 0
103.88061961786	1.37154585564348 0
103.909838625253	1.33056099922663 0
103.810096638591	1.27204460306643 0
103.711494623015	1.34822585984252 0
103.711494623015	1.34822585984252 0
103.711494623015	1.34822585984252 0
103.711494623015	1.34822585984252 0
103.851373525232	1.31305899624137 0
103.851373525232	1.31305899624137 0
103.851373525232	1.31305899624137 0
103.706460564258	1.33983049043501 0
103.706460564258	1.33983049043501 0
103.706460564258	1.33983049043501 0
103.706460564258	1.33983049043501 0
103.706460564258	1.33983049043501 0
103.706460564258	1.33983049043501 0
103.706460564258	1.33983049043501 0
103.706460564258	1.33983049043501 0
103.706460564258	1.33983049043501 0
103.706460564258	1.33983049043501 0
103.706460564258	1.33983049043501 0
103.706460564258	1.33983049043501 0
103.706460564258	1.33983049043501 0
103.706460564258	1.33983049043501 0
103.944257972045	1.35270013336519 0
103.821808296959	1.26439502238105 0
103.821808296959	1.26439502238105 0
103.821808296959	1.26439502238105 0
103.821808296959	1.26439502238105 0
103.821808296959	1.26439502238105 0
103.821808296959	1.26439502238105 0
103.821808296959	1.26439502238105 0
103.821808296959	1.26439502238105 0
103.821808296959	1.26439502238105 0
103.821808296959	1.26439502238105 0
103.821808296959	1.26439502238105 0
103.821808296959	1.26439502238105 0
103.821808296959	1.26439502238105 0
103.821808296959	1.26439502238105 0
103.821808296959	1.26439502238105 0
103.821808296959	1.26439502238105 0
103.821808296959	1.26439502238105 0
103.821808296959	1.26439502238105 0
103.821808296959	1.26439502238105 0
103.821808296959	1.26439502238105 0
103.826940485257	1.29301819173605 0
103.826940485257	1.29301819173605 0
103.826940485257	1.29301819173605 0
103.826940485257	1.29301819173605 0
103.835776166949	1.42969881121852 0
103.835776166949	1.42969881121852 0
103.835776166949	1.42969881121852 0
103.835776166949	1.42969881121852 0
103.835776166949	1.42969881121852 0
103.835776166949	1.42969881121852 0
103.835776166949	1.42969881121852 0
103.835776166949	1.42969881121852 0
103.835776166949	1.42969881121852 0
103.835776166949	1.42969881121852 0
103.835776166949	1.42969881121852 0
103.835776166949	1.42969881121852 0
103.851373525232	1.31305899624137 0
103.851373525232	1.31305899624137 0
103.738518066555	1.32378388705875 0
103.747110928368	1.33960615864099 0
103.884099041484	1.37337055787116 0
103.705050947463	1.33272905301399 0
103.705050947463	1.33272905301399 0
103.705050947463	1.33272905301399 0
103.895324094398	1.32734309585242 0
103.895324094398	1.32734309585242 0
103.903843369436	1.3375901309905 0
103.904194614802	1.33730881120425 0
103.903734756291	1.3373389543059 0
103.908775473932	1.32116006800291 0
103.906631367203	1.33729747172952 0
103.848683533919	1.27907680614827 0
103.847758319848	1.27815725962294 0
103.843586113402	1.27311770966384 0
103.845057940642	1.27368819486346 0
103.870576900368	1.37696685469278 0
103.819532118318	1.28192059319532 0
103.819532118318	1.28192059319532 0
103.852768001751	1.29376061751501 0
103.852768001751	1.29376061751501 0
103.852768001751	1.29376061751501 0
103.852768001751	1.29376061751501 0
103.852768001751	1.29376061751501 0
103.852768001751	1.29376061751501 0
103.904336044224	1.39221765706686 0
103.904336044224	1.39221765706686 0
103.841454567528	1.29186965968401 0
103.841454567528	1.29186965968401 0
103.841454567528	1.29186965968401 0
103.841454567528	1.29186965968401 0
103.841454567528	1.29186965968401 0
103.824791333154	1.44175329902169 0
103.824791333154	1.44175329902169 0
103.819532118318	1.28192059319532 0
103.819532118318	1.28192059319532 0
103.77883425289	1.2848736191941 0
103.77883425289	1.2848736191941 0
103.848408309503	1.27698104335847 0
103.848408309503	1.27698104335847 0
103.848408309503	1.27698104335847 0
103.848408309503	1.27698104335847 0
103.754341111853	1.33683130072223 0
103.755950672383	1.3361754661352 0
103.850794861251	1.27830763472932 0
103.850794861251	1.27830763472932 0
103.726142310793	1.38190297466187 0
103.726142310793	1.38190297466187 0
103.91094906396	1.40066927175848 0
103.807000200876	1.28713388984635 0
103.842148376761	1.42924092604621 0
103.751164166999	1.35551908949113 0
103.700218874426	1.33925372855306 0
103.931944435805	1.35371292100235 0
103.738518066555	1.32378388705875 0
103.843586113402	1.27311770966384 0
103.843586113402	1.27311770966384 0
103.843586113402	1.27311770966384 0
103.752207252589	1.33777234947682 0
103.860887538065	1.3082949512473 0
103.854713585001	1.30743581654996 0
103.897835846202	1.31100514411648 0
103.828749056324	1.45165734087978 0
103.828749056324	1.45165734087978 0
103.828749056324	1.45165734087978 0
103.828749056324	1.45165734087978 0
103.828749056324	1.45165734087978 0
103.828749056324	1.45165734087978 0
103.835776166949	1.42969881121852 0
103.835776166949	1.42969881121852 0
103.835776166949	1.42969881121852 0
103.835776166949	1.42969881121852 0
103.835776166949	1.42969881121852 0
103.912890126693	1.39425662817758 0
103.912890126693	1.39425662817758 0
103.852768001751	1.29376061751501 0
103.852768001751	1.29376061751501 0
103.852768001751	1.29376061751501 0
103.852768001751	1.29376061751501 0
103.852768001751	1.29376061751501 0
103.852768001751	1.29376061751501 0
103.83139481286	1.30403611991906 0
103.83139481286	1.30403611991906 0
103.83139481286	1.30403611991906 0
103.83139481286	1.30403611991906 0
103.83139481286	1.30403611991906 0
103.83139481286	1.30403611991906 0
103.83139481286	1.30403611991906 0
103.83139481286	1.30403611991906 0
103.83139481286	1.30403611991906 0
103.83139481286	1.30403611991906 0
103.83139481286	1.30403611991906 0
103.83139481286	1.30403611991906 0
103.83139481286	1.30403611991906 0
103.83139481286	1.30403611991906 0
103.83139481286	1.30403611991906 0
103.83139481286	1.30403611991906 0
103.83139481286	1.30403611991906 0
103.83139481286	1.30403611991906 0
103.83139481286	1.30403611991906 0
103.83139481286	1.30403611991906 0
103.83139481286	1.30403611991906 0
103.83139481286	1.30403611991906 0
103.83139481286	1.30403611991906 0
103.83139481286	1.30403611991906 0
103.83139481286	1.30403611991906 0
103.83139481286	1.30403611991906 0
103.83139481286	1.30403611991906 0
103.83139481286	1.30403611991906 0
103.83139481286	1.30403611991906 0
103.83139481286	1.30403611991906 0
103.83139481286	1.30403611991906 0
103.83139481286	1.30403611991906 0
103.83139481286	1.30403611991906 0
103.83139481286	1.30403611991906 0
103.83139481286	1.30403611991906 0
103.83139481286	1.30403611991906 0
103.83139481286	1.30403611991906 0
103.83139481286	1.30403611991906 0
103.83139481286	1.30403611991906 0
103.83139481286	1.30403611991906 0
103.83139481286	1.30403611991906 0
103.83139481286	1.30403611991906 0
103.83139481286	1.30403611991906 0
103.83139481286	1.30403611991906 0
103.779618108198	1.42956903355498 0
103.779618108198	1.42956903355498 0
103.779618108198	1.42956903355498 0
103.773369499019	1.44540762390503 0
103.940659265941	1.3775719316179 0
103.843483585203	1.28480805851196 0
103.843483585203	1.28480805851196 0
103.843483585203	1.28480805851196 0
103.843483585203	1.28480805851196 0
103.843483585203	1.28480805851196 0
103.843483585203	1.28480805851196 0
103.843483585203	1.28480805851196 0
103.843483585203	1.28480805851196 0
103.828749056324	1.45165734087978 0
103.826876859117	1.3233848069404 0
103.826876859117	1.3233848069404 0
103.826876859117	1.3233848069404 0
103.826876859117	1.3233848069404 0
103.886826543991	1.31045053243135 0
103.886826543991	1.31045053243135 0
103.886826543991	1.31045053243135 0
103.886826543991	1.31045053243135 0
103.886826543991	1.31045053243135 0
103.886826543991	1.31045053243135 0
103.886826543991	1.31045053243135 0
103.848408309503	1.27698104335847 0
103.706460564258	1.33983049043501 0
103.855923244288	1.2998167358204 0
103.855923244288	1.2998167358204 0
103.7216260761	1.33530713868843 0
103.7216260761	1.33530713868843 0
103.7216260761	1.33530713868843 0
103.752207252589	1.33777234947682 0
103.83788777678	1.3015007135839 0
103.890019120621	1.33991261447875 0
103.890019120621	1.33991261447875 0
103.844588730447	1.29805504904488 0
103.844588730447	1.29805504904488 0
103.844588730447	1.29805504904488 0
103.844588730447	1.29805504904488 0
103.844588730447	1.29805504904488 0
103.796581420502	1.30205912492657 0
103.836398066016	1.4322709767006 0
103.851552938635	1.34711935302319 0
103.744727515528	1.39491791870729 0
103.744727515528	1.39491791870729 0
103.744727515528	1.39491791870729 0
103.718499913681	1.35188008605425 0
103.718499913681	1.35188008605425 0
103.787351857863	1.29906501233492 0
103.787351857863	1.29906501233492 0
103.787351857863	1.29906501233492 0
103.787351857863	1.29906501233492 0
103.779618108198	1.42956903355498 0
103.855923244288	1.2998167358204 0
103.855923244288	1.2998167358204 0
103.855923244288	1.2998167358204 0
103.855923244288	1.2998167358204 0
103.852768001751	1.29376061751501 0
103.852768001751	1.29376061751501 0
103.852768001751	1.29376061751501 0
103.785162131434	1.43181682075019 0
103.785162131434	1.43181682075019 0
103.785162131434	1.43181682075019 0
103.785162131434	1.43181682075019 0
103.785162131434	1.43181682075019 0
103.785162131434	1.43181682075019 0
103.785162131434	1.43181682075019 0
103.85010549211	1.29665712626037 0
103.839758579455	1.30197838049518 0
103.839758579455	1.30197838049518 0
103.839758579455	1.30197838049518 0
103.839758579455	1.30197838049518 0
103.839758579455	1.30197838049518 0
103.839758579455	1.30197838049518 0
103.839758579455	1.30197838049518 0
103.844696761947	1.28499916466521 0
103.885469368626	1.33963960090968 0
103.840667806888	1.36683381500448 0
103.840667806888	1.36683381500448 0
103.840667806888	1.36683381500448 0
103.70445235465	1.34046989474486 0
103.70445235465	1.34046989474486 0
103.70445235465	1.34046989474486 0
103.70445235465	1.34046989474486 0
103.743476316578	1.33952498180214 0
103.816852061594	1.44944167564435 0
103.740056934051	1.34177691680881 0
103.793971752001	1.4364913124856 0
103.837770729491	1.43962522445511 0
103.853421148499	1.36908979048545 0
103.901295606032	1.4025235066858 0
103.949169009484	1.36965344713961 0
103.770934125722	1.31790886596343 0
103.889725384519	1.37781136005485 0
103.74725789663	1.34899532760586 0
103.750409394543	1.3562895676866 0
103.870146520344	1.37482556066706 0
103.912123644361	1.3041499763781 0
103.897820064296	1.36840615995325 0
103.885412460957	1.37574577423285 0
103.76865734017	1.30979135361941 0
103.711850106509	1.34507708945392 0
103.914059459852	1.39550092857252 0
103.759046519308	1.34463649285253 0
103.819821597106	1.27655955745354 0
103.822480670405	1.27351813468515 0
103.879777447386	1.37348339697755 0
103.936060017478	1.3242603709788 0
103.936060017478	1.3242603709788 0
103.936060017478	1.3242603709788 0
103.764866385139	1.3026018642002 0
103.764866385139	1.3026018642002 0
103.764866385139	1.3026018642002 0
103.7216260761	1.33530713868843 0
