103.885323495607 1.39641030879358 0
103.867195573248 1.32132290851128 0
103.737885474163 1.42060498135501 0
103.751946409367 1.39987209525998 0
103.92026750265 1.39508699964017 0
103.847299413323 1.36000249958379 0
103.926717604391 1.34200660644758 0
103.889647730727 1.30663345235302 0
103.831749546464 1.34361943468754 0
103.86741167246 1.32119412403462 0
103.926619240014 1.34274077324595 0
103.885386784809 1.3308411160097 0
103.881707136376 1.39523742667561 0
103.860054428411 1.41970398315118 0
103.834469072586 1.40972393862838 0
103.741151815927 1.31291056878309 0
103.731096388708 1.32934471564217 0
103.859183463983 1.32264961776806 0
103.820724017681 1.29207857667136 0
