103.845656491846 1.28341928807413 0
103.861714884525 1.31033179628668 0
103.843899311737 1.2828596614164 0
103.768589398495 1.29233478473488 0
103.845322651516 1.2819214506685 0
103.84919553467 1.2882024171655 0
103.861436512185 1.30198294194902 0
103.843903202138 1.28344989425283 0
103.85656959319 1.29730361154799 0
103.860676845983 1.31139148720129 0
103.858427720959 1.30257421316718 0
103.855342057572 1.29651438527698 0
103.848589805612 1.28271490123232 0
103.877871919245 1.31392311641327 0
103.855775806373 1.2983707420307 0
103.845407098468 1.2835602625762 0
103.847112348877 1.2874136604117 0
103.854840239249 1.30536611717437 0
103.848499853995 1.28808183703556 0
103.963583456334 1.33426589544753 0
103.856400638988 1.3066865833177 0
103.89837556578 1.31473431622691 0
103.975654648781 1.38857547127549 0
103.85258690058 1.30505093641414 0
103.851182414122 1.30359516199692 0
103.841819311525 1.28062198189687 0
103.844442998021 1.28808390285203 0
103.860069898331 1.29945408099496 0
103.910844003516 1.42008480159413 0
103.852519411844 1.32005220693316 0
103.848986056414 1.28767310366739 0
103.847132626412 1.28744519731296 0
103.826031614408 1.31283895758749 0
103.849315774955 1.29858331082516 0
103.795221399092 1.3345575421756 0
103.847112348877 1.2874136604117 0
103.855672146266 1.30922921665651 0
103.847320791819 1.28732246492517 0
103.860315625216 1.31436284708699 0
103.905795214878 1.30672354011027 0
103.844175297653 1.28256740388152 0
103.853089004975 1.30782024010408 0
103.882411492907 1.31231791971222 0
103.859681104656 1.30078670990934 0
103.947049626643 1.33160140776557 0
103.891452115504 1.30076163490607 0
103.860733474658 1.31142118591214 0
103.859372195175 1.30162161720103 0
103.832206056713 1.31569455024268 0
103.872875563156 1.31077423549567 0
103.987946853617 1.35868067525494 0
103.858630024264 1.31014143637108 0
103.718428099393 1.41928473895294 0
103.847365531037 1.32697804930501 0
103.877396955523 1.31067463152393 0
103.844527638726 1.28374295645198 0
103.858154822889 1.31019277650858 0
103.860407170749 1.30097813266791 0
103.855555838147 1.29692115852662 0
103.768512472327 1.29241410183802 0
103.813874664934 1.26970709980329 0
103.849948972721 1.30376553562508 0
103.813969464353 1.2698884139384 0
103.768887946644 1.29220926842139 0
103.849907321857 1.30436888102586 0
103.856283183861 1.31047448325471 0
103.85192835556 1.30833595123875 0
103.850123601821 1.29262928427102 0
103.847846254354 1.30336661894589 0
103.83406796624 1.28907053494304 0
103.841101261053 1.30227946595336 0
103.84181196384 1.28079249631152 0
103.879565021644 1.31178621433669 0
103.87727741355 1.31119150505528 0
103.859584537298 1.30367153390277 0
103.839324781437 1.30048945527773 0
103.823912035341 1.30427087692545 0
103.858274974405 1.30275174419638 0
103.841859163527 1.31683094873218 0
103.872957486651 1.31083913319837 0
103.844450308875 1.29766113910214 0
103.854866634858 1.29846998864492 0
103.845923779955 1.28298269285146 0
103.873959676744 1.31118335705276 0
103.860208550257 1.31190949065389 0
103.877861718395 1.31125250037802 0
103.84785551819 1.28834762007886 0
103.840365534939 1.29726393059586 0
103.861024736708 1.31167538691823 0
103.830811140196 1.27784910422924 0
103.855499326446 1.30899679014955 0
103.857087208529 1.29789126472923 0
103.862967949547 1.3099844080044 0
103.857588877247 1.31594873465198 0
103.833551091777 1.28509496504846 0
103.84478206387 1.32003039007096 0
103.853919066454 1.3126829995091 0
103.839526869383 1.2461716730714 0
103.876501946402 1.30999446836072 0
103.877512561863 1.31128890184627 0
103.850716347484 1.30390294139743 0
103.857668633124 1.30192847170269 0
103.986060748254 1.39040243986071 0
103.902911924035 1.30377971172335 0
103.885503754919 1.31400102887704 0
103.845691981165 1.28821836436345 0
103.859686146905 1.30420946974564 0
103.854759477545 1.31136623656669 0
103.852854697552 1.30475160137311 0
103.835711979137 1.30802446308211 0
103.901247245764 1.31149694420015 0
103.853479877059 1.28396700556696 0
103.8529700314 1.286193579348 0
103.857555115644 1.3159112716783 0
103.858804081786 1.2923732410847 0
103.878269726265 1.3136830963529 0
103.88086019921 1.31160634620515 0
103.897420195499 1.31568871293064 0
103.862163741318 1.31106819533504 0
103.877738905797 1.31192342975535 0
103.850107917776 1.29918704059007 0
103.860046940704 1.29071864768141 0
103.845400769773 1.28081343868318 0
103.839842804198 1.28771661557994 0
103.844287624838 1.28360983679311 0
103.843707976988 1.28356384322666 0
103.859283868532 1.30367879094834 0
103.860267753494 1.30336059702185 0
103.822016264868 1.25212833382459 0
103.843549205995 1.27492799526548 0
103.901244414448 1.30092044569632 0
103.901095866042 1.30081576232874 0
103.849916294892 1.32522631993521 0
103.819557237292 1.2532939961557 0
103.85518136097 1.29586842877071 0
103.841542036106 1.28061956815121 0
103.834075560594 1.28556464234214 0
103.881746879886 1.31323615922897 0
103.877803310629 1.31159186146821 0
103.840343443691 1.27931253559102 0
103.852504067362 1.32334528160712 0
103.842719607252 1.32695608633224 0
103.902428561586 1.30957935597856 0
103.911728745705 1.31869149961271 0
103.882775560513 1.31171217375905 0
103.847932360016 1.28778751663594 0
103.878806403491 1.31022759420154 0
103.860151921735 1.31181030145845 0
103.844303869551 1.2844580848768 0
103.849654468489 1.27992230534526 0
103.849798340807 1.30437868144202 0
103.839075869741 1.2907778825893 0
103.877459835736 1.31158620988211 0
103.858529902964 1.30278232906671 0
103.853328470287 1.29327511936267 0
103.856564694542 1.31026632212667 0
103.877081330903 1.30992294291563 0
103.879175248433 1.31219390360941 0
103.845762186781 1.28076368783081 0
103.843187536817 1.27887068241583 0
103.858786002183 1.31571699369016 0
103.843868159014 1.28320695756659 0
103.841639843341 1.28103938579138 0
103.860546088441 1.30105263001432 0
103.835747993573 1.30775187575658 0
103.824897044052 1.30467356332144 0
103.827525387973 1.24506042981463 0
103.860975601733 1.30316633448504 0
103.861821284254 1.31087939327119 0
103.900582032831 1.31154814837834 0
103.845544731817 1.32614819418148 0
103.845057940642 1.27368819486346 0
103.858988654863 1.31544208918114 0
103.85404403907 1.30508429672695 0
103.827739108795 1.3065755091651 0
103.860646943742 1.29962056741989 0
103.860633465989 1.3123174376663 0
103.842327109213 1.29154630197863 0
103.855612021545 1.31063491369467 0
103.846289950678 1.28563947721541 0
103.853723500975 1.30536817220924 0
103.844285207754 1.28424010679035 0
103.836603491649 1.2893713319298 0
104.015421674249 1.31590775629869 0
103.853595448187 1.30480965750245 0
103.83287641062 1.30510931130895 0
103.834726351204 1.28500553655134 0
103.850794861251 1.27830763472932 0
103.848298097667 1.2870414505695 0
103.859699181013 1.31322466473232 0
103.854088060711 1.30465048708117 0
103.85082529356 1.30754659172557 0
103.876240012654 1.31143587611179 0
103.882458407371 1.31205792759156 0
103.876202331012 1.31016197449892 0
103.841888378856 1.27364541557543 0
103.883130314577 1.31301943170784 0
103.882877435263 1.31285277507166 0
103.877164068809 1.31181087913814 0
103.834249100776 1.28492767456713 0
103.843005643973 1.28316181238548 0
103.853009648863 1.30493628499849 0
103.859775647314 1.3137971909264 0
103.906356660142 1.31352224555065 0
103.836340638371 1.30206484058592 0
103.858323660352 1.29066093247068 0
103.841579783739 1.28708312552881 0
103.814500095054 1.25498760693919 0
103.849737908011 1.29865379519873 0
103.852237204924 1.30165949447824 0
103.854952884159 1.31170767143804 0
103.890924102572 1.3150249595627 0
103.828652402025 1.30521056145552 0
103.852658759775 1.32197391550536 0
103.849620495987 1.32586401741133 0
103.880589168567 1.3105753252942 0
103.876341430885 1.31101021804162 0
103.86242505874 1.30963631994422 0
103.878732779967 1.3540642991913 0
103.848605136153 1.32588643859984 0
103.879289057893 1.31156109782427 0
103.847146083588 1.28789670953755 0
103.852597184529 1.32207511890648 0
103.881096766754 1.31223841732685 0
103.877771584902 1.31175801548856 0
103.877485723718 1.31142614324562 0
103.844588223909 1.28647390211798 0
103.85942753051 1.31564039186159 0
103.873741078895 1.31119549537572 0
103.88103783955 1.31122315004017 0
103.855250605992 1.30914240772264 0
103.877336025711 1.31076988931022 0
103.829887617045 1.3073885722358 0
103.962986700318 1.33569717714663 0
103.788347055057 1.30535155473007 0
103.856493976237 1.29720650065463 0
103.770167226162 1.29207867528081 0
103.849820084178 1.29194626293294 0
103.853597550773 1.31119294742506 0
103.853212629321 1.30477792641813 0
103.844862683403 1.28415401954882 0
103.856934421102 1.29800212048544 0
103.854068022477 1.29509774304791 0
103.875893831674 1.31325676473872 0
103.841985291768 1.29116891895396 0
103.832233596543 1.30710711526174 0
103.843594870552 1.28330939067144 0
103.859429185291 1.3040539985862 0
103.84199146254 1.28037821698512 0
103.847281587521 1.28780432701982 0
103.872563763461 1.31113809159527 0
103.8581618645 1.30943053450473 0
103.842226795269 1.3006150005344 0
103.858774426985 1.29352538129231 0
103.836642171518 1.28825993888518 0
103.819279532887 1.25593420536731 0
103.876969648398 1.3109012293772 0
103.880838340518 1.31186076965223 0
103.826756437166 1.31124775070521 0
103.809797569073 1.25780238398028 0
103.836461827586 1.31195086934585 0
103.851039102438 1.32429163142552 0
103.828547302514 1.3076267570898 0
103.843846905491 1.27693708512953 0
103.85181962517 1.29801072674605 0
103.877540969368 1.3112311784718 0
103.834572737422 1.3156480739831 0
103.842427820157 1.24616583596576 0
103.854629144277 1.30512165563782 0
103.835009725933 1.28432245328337 0
103.844143900417 1.28394874906018 0
103.835187178759 1.3069257327074 0
103.853677271096 1.3061949156673 0
103.844098162845 1.2845640104001 0
103.897713140337 1.31563644033007 0
103.841859108223 1.27966724008528 0
103.854269020215 1.3049048092068 0
103.860271916484 1.31238012402666 0
103.852600239551 1.32218410747693 0
103.881121828232 1.31195676883166 0
103.861299556759 1.30271640313104 0
103.877447434146 1.31005617737737 0
103.876850814618 1.31283557387737 0
103.878886625444 1.35418716771804 0
103.862351339469 1.31075816430562 0
103.881497566685 1.31187998737478 0
103.834966364504 1.28336518666355 0
103.880118756102 1.31179175406445 0
103.834108745181 1.30822248199181 0
103.833283007526 1.3063456711287 0
103.836204042631 1.30311112659023 0
103.8611854568 1.31234503455892 0
103.855915750363 1.30898230662793 0
103.851544078472 1.28208489036241 0
103.854725185305 1.30850339906149 0
103.85727123268 1.31503321779103 0
103.861448333912 1.31204344499518 0
103.861714884525 1.31033179628668 0
103.847825414723 1.32633221818541 0
103.823791901179 1.26633713721134 0
103.852607911731 1.29729451366724 0
103.861520910406 1.31154185100491 0
103.820258847685 1.25500613474398 0
103.837414625485 1.28822023794811 0
103.838406951392 1.28541037081246 0
103.852132773257 1.29752659625689 0
103.842424414914 1.30133969807589 0
103.887584009679 1.31396481785524 0
103.858520174791 1.30769789846087 0
103.860467762934 1.28299374632451 0
103.857007011272 1.29145560053916 0
103.854120199348 1.30392292449897 0
103.884680608655 1.31324138903825 0
103.882460958425 1.31219983859106 0
103.857764424872 1.31507514746515 0
103.853524042165 1.30679709357221 0
103.82774438905 1.27261436719096 0
103.818913579407 1.25746616344117 0
103.845018115435 1.28137775603768 0
103.836680038604 1.30322829821282 0
103.876690387867 1.31091834935622 0
103.853069303717 1.32170351990435 0
103.861539267296 1.31190146143512 0
103.853123409303 1.32137996766397 0
103.85561829646 1.29687888344345 0
103.845722246532 1.28277358839718 0
103.860315625216 1.31436284708699 0
103.852422352191 1.30096351657774 0
103.912040128571 1.30869730246545 0
103.860129334164 1.31469370727621 0
103.852441846762 1.29710022030271 0
103.878417052708 1.31199154965497 0
103.854580365162 1.30462114264182 0
103.82931457159 1.30587936476624 0
103.849988593401 1.29899851388686 0
103.853166371125 1.31334013055386 0
103.855837437275 1.29671491473591 0
103.878049651459 1.31316399514376 0
103.863070474326 1.30978993131226 0
103.836092517215 1.28763487689916 0
103.846373939851 1.32710847046881 0
103.844585975427 1.2915151158506 0
103.843161167147 1.283040168378 0
103.843698179338 1.27595880160762 0
103.852518583465 1.29592678109832 0
103.858904125324 1.31064658723952 0
103.883723228916 1.31612701912611 0
103.85076283658 1.2989441979104 0
103.862534722363 1.30779713403439 0
103.853270200231 1.32124016889963 0
103.878632043087 1.31098938967218 0
103.853983056442 1.30375458718653 0
103.900510045696 1.31229220954953 0
103.849883795322 1.30328474139573 0
103.87886725693 1.31351637493073 0
103.853224175231 1.30917938882131 0
103.88020384728 1.31152317703138 0
103.880423261618 1.31221755382873 0
103.954973719254 1.33674267521846 0
103.824377907445 1.2494833119264 0
103.858278162183 1.31028646473974 0
103.853134941811 1.30108712957209 0
103.826053152676 1.30566198970435 0
103.858027258808 1.30929119857222 0
103.860855631532 1.31200059740573 0
103.851506147439 1.3009167387885 0
103.853965804349 1.29400463365243 0
103.835180353889 1.29028266366271 0
103.904050796512 1.30432633984355 0
103.854659027637 1.30474125788365 0
103.862219966147 1.30972892565062 0
103.841983609487 1.28924436632229 0
103.845662366635 1.2825101236777 0
103.878120902927 1.31140119313566 0
103.881861623401 1.31116678949196 0
103.861728980132 1.3020131462402 0
103.848141020413 1.28754198488684 0
103.855404990742 1.29652212880111 0
103.847840581059 1.28743173098279 0
103.881863900805 1.31100512707675 0
103.845361733037 1.29581300664089 0
103.882676374977 1.31170597811996 0
103.840007271879 1.279627026689 0
103.816896358975 1.25767146492265 0
103.819026395039 1.25602143723266 0
103.854063753849 1.30549451368066 0
103.850406410587 1.29849685813343 0
103.856714480919 1.2975218967235 0
103.816547526936 1.2592380716688 0
103.845380576724 1.28384590364236 0
103.900197009699 1.31220655119644 0
