103.836479637089 1.46118024603361 0
103.84843960269 1.33062032508921 0
103.842639609295 1.42445031171449 0
103.84269777946 1.37411607819447 0
103.838067335514 1.36438165130231 0
103.764453636311 1.35022098580987 0
103.993009111519 1.39070131609198 0
103.707560284408 1.33744268276445 0
103.870560170517 1.30693957199623 0
103.79057634587 1.28399324795834 0
103.834581301323 1.34212952332668 0
103.81654959431 1.27462033002624 0
103.952829610722 1.37101026554569 0
103.738062595288 1.43912273649356 0
103.898357212883 1.37685795933784 0
103.906769066852 1.40759378411803 0
103.816250268609 1.31104847734541 0
103.943769603642 1.35905032660656 0
103.812889646421 1.27851024910596 0
103.824339587564 1.28759031885055 0
103.764339035533 1.29470290621855 0
103.770189629269 1.43781025163157 0
103.851569656076 1.28396033041038 0
103.845709615545 1.27654032283771 0
103.804833790717 1.27987732910438 0
103.85480959261 1.29282027681148 0
103.860424141694 1.28905674316619 0
103.772564080024 1.3618455349922 0
103.846149630157 1.2947903135598 0
103.778288301149 1.3679620022212 0
103.784409836799 1.44250631990723 0
103.926419295072 1.3357081126323 0
103.853696865792 1.28946559632811 0
103.8399274018 1.28456432128802 0
103.887822762715 1.39952467499115 0
103.755549415499 1.35731652936445 0
103.799778576496 1.27883967717315 0
103.790774236909 1.30349165856483 0
103.832679628487 1.41028030353451 0
103.94830618485 1.36378907629008 0
103.779935867229 1.4528140881238 0
103.850637720214 1.37062602693085 0
103.923099664809 1.34248026832034 0
103.747191184667 1.38773759658167 0
103.920604899212 1.30316915203231 0
103.767411855608 1.29992427924619 0
103.845922399058 1.29836384983293 0
103.846560493262 1.28656921265395 0
103.843909671045 1.29918029161506 0
103.813893206005 1.3126705158473 0
103.950659669795 1.37864029684466 0
103.96541966214 1.40869028307245 0
