103.637037214137 1.32610981654127 0
103.926626833575 1.3718817248158 0
103.683052830536 1.32030127124862 0
103.841234855835 1.4382578758292 0
103.751990369221 1.31032398025063 0
103.640671383315 1.33112327760552 0
103.638726717999 1.31915703591168 0
103.670251016015 1.32436499938115 0
103.798094220488 1.45257151639417 0
103.642351445925 1.32397565690412 0
103.796729973282 1.45193391833559 0
103.646953921155 1.33093297793615 0
103.687199727834 1.30763573211789 0
103.652377648686 1.32253459148131 0
103.714124185696 1.32336467571942 0
103.63227467027 1.31811444666322 0
103.634468752512 1.27097670358394 0
103.647096492317 1.31949460423075 0
103.665978858229 1.29892628410459 0
103.650712268132 1.30989798209843 0
103.693460519325 1.31883468625684 0
103.639975446986 1.32124123119078 0
103.633431870639 1.28817407988312 0
103.638557070121 1.3203297958304 0
103.719254939302 1.28027083568232 0
103.703308555659 1.32880738505286 0
103.795734307986 1.45281972498681 0
103.6273897578 1.30045081220238 0
103.624410408594 1.29134521025525 0
103.631566240015 1.28705388388766 0
103.62780796118 1.31012621986816 0
103.696193304715 1.30359048911669 0
103.664856841346 1.29881861365002 0
103.638219538124 1.31966108677249 0
103.632541158096 1.28810347028939 0
103.624600286481 1.29553313074947 0
103.626487073523 1.29868364328547 0
103.730300925912 1.32443278321281 0
103.633630002458 1.31631298072666 0
103.627530810045 1.29880249486509 0
103.729016683916 1.30568143042626 0
103.706354110286 1.31326933928449 0
103.647556734874 1.32611023921332 0
103.625157428383 1.29191523686628 0
103.645879506772 1.32065276652984 0
103.692018490583 1.32597674069163 0
103.715154105639 1.32853070630058 0
103.804171475553 1.46582649716681 0
103.736096786566 1.30060208004907 0
103.679971502969 1.31603745012265 0
103.798047061103 1.20440026590298 0
103.637858018107 1.32011640224581 0
103.62969774408 1.30383520170598 0
103.650226190575 1.32216219902858 0
103.647639896241 1.32824662828163 0
103.639940575513 1.32016847634959 0
103.891945531872 1.33888510550194 0
103.772173508677 1.23216136441639 0
103.713988559125 1.28157441452798 0
103.627796622253 1.29927843372539 0
103.642295470963 1.32275268710744 0
103.624275713918 1.2913958423002 0
103.73711773651 1.30467510042015 0
103.701462475274 1.26461030561451 0
103.660294138809 1.31333139298306 0
103.861052331068 1.37529147075785 0
103.685318403853 1.32509097760816 0
103.631470237031 1.31019226638828 0
103.894263323421 1.32256941744891 0
103.634854599399 1.2871698102113 0
103.754671136428 1.33765831488453 0
103.703363046885 1.3072405158806 0
103.633779395901 1.28969089972627 0
103.699608263674 1.30615472191163 0
103.664854123504 1.3018777958807 0
