103.854457957125 1.372772088916192 0
103.9246213188613 1.332067269907914 0
103.9411252800134 1.324200878448629 0
103.8431670334708 1.276614652265234 0
103.8406280907897 1.380987608877367 0
103.9140539790657 1.333159297511038 0
103.8700050207886 1.321463116695087 0
103.8056364209655 1.316245751985333 0
103.8465103142907 1.372172584437866 0
103.7642507543098 1.303810732882641 0
103.8520035189121 1.334550745979779 0
103.8499836860151 1.283885415953311 0
103.8444748149958 1.280537909515425 0
103.8394125012399 1.31218587247346 0
103.863909338416 1.305634341699706 0
103.7914027252468 1.275907559774707 0
103.850225127756 1.316159988808663 0
103.8423421178754 1.284735231978829 0
103.8289932572496 1.372384206580348 0
103.8661621691668 1.36273680039802 0
103.7215199252376 1.334589378505547 0
103.7977193820908 1.300558073724426 0
103.8506099912642 1.306177731803101 0
103.8321815699135 1.284785573798544 0
103.8309733200606 1.292311140438527 0
103.8529569933565 1.336020763097092 0
103.8857316816082 1.308109821494997 0
103.9304559662493 1.333009476978697 0
103.8828941784085 1.375148977353538 0
103.7724896631775 1.377600587741231 0
103.9404104111403 1.353144181604607 0
103.9347997400974 1.307261072089387 0
103.8183341739526 1.287783459505137 0
103.8076180567886 1.27335597853167 0
103.8871026717085 1.327834153435138 0
103.8076517890781 1.273682278247759 0
103.9063386052314 1.302285208957339 0
103.9387150293885 1.332057767049 0
103.818311199256 1.287307524699958 0
103.8854388424853 1.323579717149394 0
103.8549950828258 1.323064030200291 0
103.8494849678966 1.338417344498168 0
103.8955878371899 1.31510909604188 0
103.8389772228716 1.374282618157912 0
103.7978355440707 1.299730722818178 0
103.7769672109374 1.443404822759808 0
103.7128006859523 1.345224062683512 0
103.8296234174939 1.287970513003653 0
103.8850435593243 1.326449974124883 0
103.8540601996734 1.323428194198354 0
103.7760073146927 1.339452421456157 0
103.8431595288503 1.282271875498668 0
103.8665270242642 1.364232516957483 0
103.8284198643284 1.431526723126734 0
103.9018252146034 1.30941426870369 0
103.89797741752 1.316725151665205 0
103.8638773731047 1.30314151793018 0
103.7948338059911 1.311148972048257 0
103.8458238062449 1.285299084224003 0
103.884018305046 1.307344017629056 0
103.8860553762365 1.359083837314556 0
103.9882452530849 1.389151644716286 0
103.8003564660514 1.306995349148143 0
103.808128006506 1.286952753799491 0
103.8140503651504 1.324441869284674 0
103.8540775748619 1.301051687510442 0
103.8044893424731 1.286297814723725 0
103.8466068631634 1.279218489660612 0
103.9554718718605 1.320354091423384 0
103.8273539773362 1.28883084453908 0
103.856853988182 1.307336546359966 0
103.8399341718091 1.288231020275525 0
103.8900941599566 1.353847284445278 0
103.8186417085841 1.277366898697085 0
103.8260035985858 1.280001825749289 0
103.8218232607993 1.285504463795483 0
103.8867735355609 1.320781080956248 0
103.8447316920484 1.338092762385048 0
103.9446245413555 1.345639545438363 0
103.8029038741589 1.29323624894272 0
103.9354736447065 1.320500841288046 0
103.8169395504928 1.283881214133842 0
103.8716203275483 1.315028065095591 0
103.788230312994 1.310996634856371 0
103.9305443055793 1.32481817137768 0
103.8543338374448 1.340252087572717 0
103.9332216247242 1.327062460435807 0
103.857003712656 1.335382607652699 0
103.839142566379 1.3668100031486 0
103.840022227191 1.367196532478751 0
103.7377383998656 1.343488124702872 0
103.8630209327443 1.319216679537891 0
103.8369645095108 1.352025568262769 0
103.8480672978 1.36384515924721 0
103.7311447990045 1.345188119243815 0
103.7707728141098 1.314380656477841 0
103.821998237127 1.272589142136248 0
103.7427468919457 1.320831213754682 0
103.855288298802 1.362654106765128 0
103.7927737798387 1.308117807030734 0
103.7645171970152 1.31331969538849 0
103.856308682672 1.368251303378156 0
103.8793098614308 1.317035025659562 0
103.9042564868546 1.320331265044916 0
103.8839097505575 1.302345333643874 0
103.7700768137577 1.441084220868 0
103.7590419782175 1.311891013408162 0
103.7597514108719 1.311803092342638 0
103.7184414283177 1.349674258234782 0
103.9157370431772 1.305729737813262 0
